14 64
14 63
14 62
14 62
14 62
14 62
14 62
14 62
14 62
14 62
14 61
14 60
14 59
14 59
14 58
14 58
14 57
14 57
14 57
14 57
14 57
14 56
14 56
14 56
14 56
14 56
14 56
14 55
14 55
14 55
14 55
14 55
14 55
14 55
14 55
14 55
14 55
14 55
14 54
14 53
14 52
14 51
14 50
14 49
14 49
14 49
14 48
14 48
14 48
14 48
14 48
14 47
14 47
14 47
14 47
14 47
14 47
14 47
14 47
14 46
14 46
14 45
14 44
14 44
14 44
14 44
14 43
14 43
14 43
14 43
14 43
14 42
14 41
14 40
14 40
14 40
14 40
14 40
14 40
14 40
14 40
14 40
14 40
14 39
14 41
14 42
14 41
14 40
14 43
14 45
14 44
14 46
14 45
14 44
14 46
14 48
14 48
14 50
14 51
14 56
14 62
14 62
14 62
14 60
14 58
14 57
14 57
14 59
14 59
14 59
14 59
14 59
14 59
14 63
14 66
14 68
14 68
14 68
14 68
14 67
14 68
14 75
14 75
14 75
14 75
14 75
14 75
14 75
14 75
14 75
14 75
14 75
14 75
14 76
14 78
14 78
14 77
14 76
14 75
14 77
14 79
14 79
14 79
14 79
14 80
14 80
14 79
14 78
14 78
14 77
14 77
14 77
14 76
14 76
14 77
14 76
14 76
14 75
14 76
14 76
14 74
14 73
14 73
14 74
14 74
14 72
14 70
14 70
14 68
14 67
14 65
14 65
14 61
14 57
14 56
14 56
14 61
14 58
14 61
14 60
14 60
14 59
14 58
14 59
14 59
14 59
14 63
14 68
14 68
14 70
14 73
14 75
14 73
14 72
14 71
14 71
14 71
14 73
14 73
14 73
14 73
14 77
14 76
14 77
14 80
14 86
14 85
14 84
14 83
14 83
14 83
14 82
14 84
14 90
14 93
14 93
14 94
14 94
14 94
14 95
14 95
14 95
14 94
14 94
14 93
14 92
14 92
14 92
14 91
14 90
14 90
14 88
14 86
14 86
14 86
14 86
14 87
14 89
14 91
14 91
14 91
14 91
14 91
14 91
14 91
14 93
14 93
14 93
14 94
14 98
10 97
10 99
10 98
10 99
10 99
10 98
10 98
10 97
10 100
10 98
9 97
9 96
9 96
9 94
9 95
9 94
9 92
9 93
9 90
9 90
9 88
9 87
9 91
9 90
9 92
9 93
9 93
9 91
9 90
9 90
9 88
9 87
9 86
9 88
9 90
9 88
9 86
9 86
9 86
9 85
9 84
9 89
9 91
9 91
9 95
9 94
9 92
9 91
9 90
9 94
9 96
9 99
9 98
9 98
9 98
9 96
9 97
9 98
9 99
9 101
9 103
9 102
9 102
9 103
9 103
9 103
9 103
9 103
9 105
9 105
9 108
9 109
9 109
9 109
9 109
9 108
9 107
9 108
9 107
9 106
9 105
9 104
9 104
9 104
9 108
9 108
9 110
9 109
9 109
9 110
8 110
8 115
8 115
8 116
8 119
8 122
8 122
8 120
8 120
8 120
8 118
8 118
8 115
8 118
8 118
8 117
8 121
8 123
8 122
8 124
7 126
7 128
7 126
7 125
7 124
7 123
7 124
7 126
7 124
7 124
7 123
7 123
7 123
7 123
7 123
7 125
7 123
7 122
7 121
7 122
7 121
7 118
7 117
7 120
7 122
7 122
7 130
7 129
7 130
7 129
6 128
6 129
6 129
6 130
6 132
6 131
6 133
6 131
6 130
6 130
6 132
6 132
6 131
6 130
6 131
6 130
6 132
6 138
6 137
6 138
6 138
6 139
6 141
6 143
6 146
6 146
6 145
6 145
6 145
6 144
6 143
6 145
6 147
6 145
6 143
6 142
6 141
6 143
6 143
6 142
6 147
6 145
6 148
6 146
6 149
6 148
6 147
6 145
6 143
6 144
6 143
6 143
6 142
6 141
6 140
6 140
6 141
6 141
6 142
6 142
6 141
6 139
6 142
6 149
6 149
6 151
6 152
6 151
6 151
6 150
5 150
5 152
5 152
5 150
5 150
5 148
5 149
5 151
5 150
5 149
5 150
5 148
5 147
5 152
5 149
5 146
5 149
5 148
5 148
5 151
4 154
4 153
4 154
4 160
4 161
4 160
4 160
4 159
4 159
4 160
4 160
4 160
4 161
4 160
4 163
4 163
4 164
4 163
4 164
4 171
3 171
3 172
3 171
3 171
3 171
3 171
3 171
3 170
3 169
3 168
3 172
3 171
3 171
3 172
3 174
3 179
3 178
3 185
3 193
3 189
3 188
3 189
3 192
3 192
3 191
3 191
3 192
3 193
3 199
3 200
3 200
3 200
3 200
3 204
3 201
3 203
3 206
3 206
3 206
3 206
3 206
3 207
3 210
3 210
3 209
3 209
3 209
3 211
3 213
3 218
3 217
3 217
3 216
3 217
3 215
3 213
3 211
3 214
3 210
3 210
3 208
3 203
3 202
3 211
3 208
3 209
3 213
3 214
3 217
3 215
3 217
3 219
3 219
3 220
3 222
3 222
3 220
3 219
3 224
3 225
3 225
3 224
3 223
3 225
3 223
3 223
3 221
3 220
3 225
3 232
3 232
3 228
3 226
3 225
3 225
3 229
3 228
3 225
3 225
3 224
3 225
3 225
3 221
3 220
3 222
3 222
3 221
3 222
3 224
3 229
3 232
3 235
3 239
3 243
3 244
3 243
3 244
3 245
3 245
3 249
3 251
3 249
3 249
3 248
3 248
3 250
3 246
3 248
3 249
3 249
3 246
3 244
3 244
3 244
3 245
3 244
3 249
3 249
3 249
3 248
3 247
3 249
3 248
3 249
3 250
3 248
3 247
3 244
3 241
3 240
3 240
3 240
3 244
3 247
3 243
3 243
3 243
3 241
3 246
3 246
3 248
3 252
3 249
3 250
3 254
3 252
3 252
3 251
3 252
3 252
3 256
3 255
3 258
3 258
3 261
3 265
3 266
3 265
3 267
3 266
3 268
3 269
3 267
3 273
3 269
3 266
3 269
3 268
3 266
3 269
3 270
3 271
3 271
3 271
3 270
3 269
3 267
3 264
3 263
3 264
3 269
3 267
3 264
3 261
3 262
3 259
3 263
3 266
3 266
3 269
3 273
3 271
3 278
3 282
3 282
3 284
3 287
3 287
3 290
3 291
3 292
3 293
3 293
3 294
3 293
3 293
3 294
3 293
3 291
3 290
3 290
3 291
3 287
3 288
3 295
3 296
3 299
3 302
3 304
3 303
3 306
3 305
3 302
3 302
3 304
3 307
3 311
3 311
3 311
3 311
3 310
3 311
3 308
3 306
3 305
3 307
3 308
3 309
3 309
3 309
3 312
3 309
3 305
3 302
3 301
3 302
3 301
3 301
3 301
3 301
3 299
3 300
3 300
3 298
3 296
3 296
3 298
3 296
3 295
3 298
3 297
3 293
3 293
3 292
3 299
3 298
3 297
3 299
3 297
3 303
3 300
3 301
3 301
3 300
3 297
3 297
3 302
3 307
3 306
3 313
3 314
3 316
3 315
3 315
3 315
3 319
3 321
3 324
3 325
3 324
3 322
3 323
3 321
3 321
3 319
3 318
3 319
3 320
3 320
3 325
3 326
3 327
3 328
3 327
3 328
3 327
3 324
3 324
3 326
3 332
3 334
3 334
3 336
3 339
3 341
3 345
3 346
3 347
3 346
3 348
3 349
3 348
3 344
3 344
3 341
3 342
3 339
3 340
3 345
3 349
3 348
3 351
3 348
3 349
3 346
3 346
3 349
3 350
3 348
3 344
3 343
3 343
3 343
3 346
3 344
3 342
3 340
3 341
3 341
3 347
3 345
3 345
3 344
3 341
3 344
3 342
3 343
3 344
3 343
3 342
3 342
3 343
3 342
3 344
3 347
3 347
3 348
3 355
3 356
3 354
3 354
3 357
3 357
3 358
3 359
3 360
3 361
3 365
3 364
3 361
3 360
3 360
3 365
3 367
3 366
3 366
3 364
3 361
3 362
3 361
3 360
3 357
3 354
3 353
3 356
3 358
3 364
3 369
3 373
3 375
3 378
3 380
3 380
3 380
3 382
3 381
3 384
3 385
3 383
3 389
3 387
3 385
3 382
3 384
3 384
3 384
3 385
3 383
3 378
3 380
3 381
3 388
3 386
3 386
3 385
3 383
3 385
3 385
3 384
3 384
3 388
3 387
3 384
3 379
3 377
3 375
3 374
3 372
3 370
3 371
3 369
3 368
3 371
3 372
3 370
3 374
3 378
3 380
3 378
3 379
3 377
3 376
3 371
3 371
3 366
3 363
3 364
3 365
3 369
3 370
3 371
3 373
3 371
3 371
3 377
3 377
3 379
3 377
3 376
3 376
3 388
3 390
3 389
3 389
3 388
3 395
3 398
3 400
3 401
3 405
3 404
3 404
3 408
3 404
3 402
3 401
3 403
3 404
3 401
3 402
3 402
3 407
3 411
3 413
3 413
3 418
3 418
3 415
3 411
3 411
3 415
3 417
3 414
3 410
3 413
3 410
3 410
3 418
3 419
3 417
3 416
3 418
3 420
3 419
3 422
3 422
3 424
3 422
3 421
3 420
3 418
3 420
3 421
3 421
3 420
3 420
3 418
3 419
3 415
3 419
3 414
3 410
3 409
3 406
3 405
3 411
3 408
3 409
3 412
3 410
3 412
3 409
3 408
3 408
3 406
3 412
3 419
3 420
3 420
3 419
3 419
3 417
3 420
3 419
3 421
3 421
3 425
3 424
3 424
3 427
3 431
3 432
3 435
3 431
3 429
3 434
3 433
3 431
3 426
3 426
3 428
3 423
3 426
3 425
3 426
3 434
3 439
3 436
3 434
3 434
3 432
3 432
3 434
3 433
3 435
3 441
3 449
3 458
3 455
3 455
3 455
3 450
3 448
3 446
3 446
3 446
3 445
3 443
3 446
3 446
3 445
3 449
3 449
3 449
3 456
3 461
3 462
3 462
3 462
3 460
3 457
3 460
3 458
3 457
3 460
3 457
3 455
3 454
3 451
3 448
3 451
3 453
3 451
3 448
3 453
3 455
3 457
3 455
3 456
3 459
3 469
3 468
3 468
3 466
3 467
3 469
3 465
3 465
3 468
3 465
3 463
3 462
3 459
3 457
3 456
3 453
3 452
3 449
3 444
3 440
3 437
3 438
3 438
3 435
3 437
4 438
4 436
4 437
4 457
4 457
4 465
4 466
4 467
4 466
4 460
4 460
4 458
4 456
5 458
5 458
5 454
5 457
5 458
5 453
5 457
5 459
5 460
5 461
5 461
5 459
5 465
5 465
5 474
5 478
5 478
5 479
5 478
5 478
5 480
5 483
5 480
5 482
5 479
5 480
5 489
5 486
5 486
5 488
5 491
5 492
5 492
5 490
5 493
5 493
5 494
5 495
5 494
5 499
5 496
5 490
5 486
5 480
5 472
5 470
5 472
5 467
5 465
5 465
5 465
5 460
5 458
5 456
5 456
5 459
5 459
5 455
5 460
5 463
5 463
5 466
5 464
5 463
5 461
5 460
5 458
5 454
5 455
5 449
5 446
5 446
5 446
5 446
5 444
5 443
5 445
5 445
5 444
5 444
5 441
5 443
5 444
5 451
5 456
5 457
5 472
5 469
5 470
5 466
5 469
5 468
5 464
5 462
5 465
5 462
5 461
5 461
5 464
5 465
5 470
5 473
5 480
5 481
5 477
5 484
5 486
5 483
5 482
5 481
5 479
5 477
5 480
5 483
6 487
6 489
6 487
6 487
6 486
6 486
6 485
6 483
6 490
6 496
6 496
6 495
6 500
6 501
6 498
6 504
6 501
6 498
6 497
6 497
6 492
6 496
6 503
6 502
6 502
6 501
6 502
6 496
6 496
6 492
6 490
6 492
6 495
6 496
6 500
6 498
6 495
6 493
6 494
6 502
6 501
6 500
6 495
6 501
6 500
6 499
6 504
6 503
6 502
6 501
6 508
6 510
6 505
6 504
6 503
6 500
6 502
6 494
6 493
6 491
6 492
6 490
6 482
6 477
6 478
6 480
6 474
6 473
6 471
6 475
6 468
6 468
6 474
6 470
6 469
6 478
6 474
6 480
6 480
6 484
6 482
6 487
6 486
6 486
6 483
6 481
6 477
6 476
6 474
6 475
6 477
6 476
6 478
6 482
6 480
6 479
6 479
6 485
6 491
6 497
6 496
6 496
6 497
6 509
6 511
6 511
6 513
6 515
6 519
6 521
6 532
6 534
6 539
6 543
6 548
6 545
6 547
6 548
6 548
6 547
6 550
6 548
6 551
6 551
6 554
6 558
6 560
6 561
6 563
6 558
6 558
6 559
6 559
6 560
6 566
6 562
6 563
6 560
6 558
6 557
6 552
6 553
6 551
6 549
6 545
6 549
6 550
6 546
6 545
6 545
6 540
6 537
6 539
6 536
6 534
6 536
6 534
6 531
6 534
6 537
6 537
6 535
6 527
6 527
6 524
6 522
6 519
6 516
6 522
6 527
6 531
6 532
6 535
6 533
6 528
6 529
6 530
6 530
6 527
6 531
6 533
6 527
6 528
6 531
6 531
6 532
6 532
6 532
6 534
6 534
6 532
6 535
6 535
6 537
6 539
6 544
6 546
6 553
6 560
6 562
6 562
6 563
6 561
6 566
6 563
6 565
6 568
6 565
6 561
6 558
6 554
6 556
6 555
7 560
7 561
7 562
7 564
7 562
7 568
7 569
7 573
7 573
7 573
7 576
7 575
7 579
7 577
7 577
7 581
7 577
7 577
7 574
7 574
7 581
7 584
7 579
7 582
7 587
7 586
7 584
7 584
7 582
7 585
7 586
7 587
8 585
8 581
8 584
8 584
8 584
8 576
8 576
8 570
8 568
8 571
8 576
9 585
9 584
9 581
9 586
9 586
9 588
9 589
9 589
9 589
9 593
9 594
9 601
9 604
9 606
9 608
9 604
9 600
9 595
9 594
9 597
9 599
9 597
9 600
9 597
9 597
9 592
9 592
9 587
9 584
9 579
9 580
9 583
9 575
9 576
9 574
9 574
9 577
9 578
9 574
9 575
9 568
9 568
9 571
9 571
9 569
9 569
9 563
9 561
9 558
9 555
9 550
9 546
9 542
9 538
9 543
9 547
9 550
9 549
9 546
9 547
9 550
10 556
11 552
11 554
11 562
11 565
11 563
11 562
12 563
12 559
12 563
12 558
12 559
12 562
12 555
12 555
12 554
12 552
12 548
12 548
12 549
12 548
12 545
12 547
12 558
12 562
12 557
12 553
12 559
12 556
12 560
12 559
12 556
12 555
12 557
12 564
12 569
12 575
12 578
12 583
12 588
12 585
12 587
12 585
12 589
12 586
12 585
12 586
12 578
12 578
12 581
12 580
12 578
12 575
12 569
12 564
12 558
12 550
12 541
12 541
12 540
12 534
12 526
12 527
12 528
12 525
12 529
12 527
12 523
12 528
12 528
12 526
12 516
12 521
12 522
12 529
12 539
12 539
12 540
12 536
12 540
12 540
12 542
12 541
12 539
12 536
12 530
12 525
12 524
12 520
12 524
12 522
12 519
12 520
12 519
12 526
12 528
12 532
12 534
12 538
12 540
12 543
12 547
12 557
12 556
12 558
12 554
12 551
12 550
12 552
12 548
12 548
12 551
12 547
12 545
12 552
12 551
12 558
12 555
12 552
12 552
12 550
12 543
12 549
12 549
12 547
12 540
12 534
12 534
12 535
12 531
12 527
12 518
12 526
12 519
12 520
12 518
12 517
12 513
12 509
12 506
12 506
12 512
12 508
12 509
12 506
12 511
12 506
12 504
12 511
12 508
12 508
12 507
12 514
12 513
12 508
12 502
12 503
12 503
12 503
12 507
12 506
12 515
12 514
12 517
12 521
12 529
12 529
12 526
12 521
12 532
12 535
12 538
12 540
12 540
12 543
12 546
12 544
12 545
12 542
12 537
12 540
12 541
12 539
12 539
12 539
12 546
12 544
12 548
12 553
12 550
12 554
12 554
12 551
12 542
12 537
12 527
12 531
12 532
12 533
12 533
12 532
12 532
12 532
12 526
12 522
13 529
13 528
13 525
13 526
13 530
13 526
13 525
13 524
13 532
13 542
13 543
13 543
13 539
13 538
13 538
13 537
13 540
13 544
13 542
13 541
13 544
14 541
14 541
14 534
14 540
14 535
14 536
14 538
14 543
14 547
14 541
14 536
14 535
14 532
14 529
14 529
14 529
14 531
14 532
14 539
14 541
14 544
14 548
14 547
14 542
14 544
14 544
14 552
14 546
14 547
14 543
14 542
14 545
14 542
14 539
14 538
14 540
14 540
14 535
14 536
14 540
14 547
14 547
14 541
14 537
14 538
14 541
14 540
14 537
14 535
15 528
15 521
15 524
15 524
15 520
15 525
15 528
15 525
15 522
15 526
15 524
15 528
15 525
15 529
15 529
15 526
15 526
15 523
15 530
15 530
15 533
15 537
15 541
15 541
15 546
15 546
15 542
15 539
15 539
15 539
15 540
15 536
15 540
15 543
15 539
15 541
15 540
15 544
15 543
15 548
15 548
15 543
15 539
15 535
15 532
15 525
15 520
15 518
15 523
15 517
15 520
15 518
15 511
15 510
15 504
16 498
16 498
16 498
16 491
16 495
16 505
16 503
16 497
16 494
16 489
16 485
17 481
17 476
17 470
17 467
17 465
17 464
17 475
17 472
17 484
17 487
17 485
17 485
17 487
17 494
17 490
17 487
17 492
17 493
17 493
17 491
17 492
17 491
17 502
17 502
17 499
17 503
17 499
18 499
18 495
18 503
18 510
18 509
18 513
18 508
18 509
18 509
18 514
18 516
18 516
18 507
18 502
18 498
18 494
18 489
18 493
18 493
18 490
18 501
18 505
18 507
18 504
19 502
19 500
19 496
19 502
19 506
19 510
19 509
19 511
19 510
19 510
19 510
19 505
19 503
19 500
19 499
19 497
19 500
19 506
19 518
19 512
19 508
19 499
19 497
19 490
19 491
19 492
19 487
19 483
19 482
19 487
19 486
19 479
19 479
19 479
19 474
19 474
19 476
19 475
19 471
19 477
19 472
19 471
19 469
19 468
19 466
19 474
19 473
19 470
19 466
19 461
19 453
19 452
19 454
19 451
19 450
19 440
19 437
19 435
19 428
19 424
19 420
19 415
19 418
19 415
19 418
19 417
19 424
19 417
19 416
19 414
19 419
19 417
19 424
19 429
19 432
19 433
19 432
19 436
19 435
19 435
19 429
19 429
19 432
19 429
19 427
19 424
19 418
19 421
19 418
19 418
19 421
19 422
19 424
19 428
19 426
19 426
19 420
19 417
19 420
19 419
19 415
19 420
19 417
19 419
19 421
19 428
19 426
19 429
19 427
19 426
19 428
19 439
19 439
19 444
19 441
19 439
19 440
20 434
20 440
20 439
20 436
20 439
20 433
20 426
20 422
20 416
20 410
20 407
20 405
20 402
20 406
20 405
20 408
20 406
20 403
20 395
20 391
20 389
20 388
20 380
20 378
20 379
20 379
20 378
20 375
20 371
20 365
20 357
21 358
21 361
21 362
21 364
21 365
21 358
21 350
21 351
21 348
21 346
21 356
21 353
21 348
21 347
21 345
21 348
21 347
21 347
21 340
21 339
21 338
21 337
21 335
21 329
21 332
21 334
21 346
21 347
21 344
21 346
21 344
21 339
21 334
21 340
21 340
21 340
21 340
21 336
21 333
21 329
21 331
21 328
21 326
21 327
21 324
21 326
21 330
21 330
21 326
21 321
21 323
21 319
21 322
21 321
21 318
21 316
21 312
21 313
21 325
21 325
21 327
21 327
21 334
21 330
21 332
22 329
22 326
22 323
22 323
22 326
22 317
22 314
23 312
23 313
24 311
24 314
24 310
24 309
24 307
24 304
24 298
24 294
24 290
24 289
24 293
24 290
24 294
24 291
24 293
24 301
24 300
24 300
24 297
24 300
24 295
24 294
24 296
24 300
24 302
24 303
24 306
24 308
24 302
24 296
24 292
24 294
24 293
24 294
24 294
24 296
24 300
24 306
24 311
25 309
25 310
25 312
25 313
25 308
25 306
25 298
25 294
25 287
25 286
25 286
25 289
25 283
25 286
25 282
25 280
25 277
25 274
25 268
25 265
25 264
26 261
26 260
26 260
26 260
26 263
26 261
26 258
25 254
25 250
25 247
25 241
25 237
25 234
25 229
25 233
25 234
25 245
25 238
25 243
25 245
25 245
25 243
25 239
25 241
25 240
25 241
25 239
25 238
25 235
25 229
25 226
25 228
25 229
25 227
25 226
25 229
26 231
26 226
26 226
26 220
26 220
26 216
26 211
26 210
26 211
26 209
26 203
26 205
26 201
26 209
26 211
26 210
26 210
26 210
26 210
26 208
26 205
26 208
26 212
26 219
26 215
26 208
26 209
26 211
26 216
26 213
26 216
26 212
26 209
26 208
26 205
26 206
26 200
26 199
26 202
26 199
26 202
26 201
26 199
26 192
26 189
26 195
27 195
27 198
27 203
27 196
27 202
27 203
27 200
27 201
27 201
27 197
27 201
27 198
27 193
27 195
27 200
27 196
27 191
27 191
27 188
27 189
27 188
27 181
27 180
27 177
27 176
27 171
27 172
27 170
27 168
27 174
27 172
27 176
27 174
27 170
27 167
27 165
27 163
27 164
27 159
27 158
27 157
27 162
27 156
27 153
27 154
27 150
27 155
27 148
27 146
27 147
27 143
27 143
27 140
27 139
27 135
27 134
27 133
27 129
27 124
27 128
27 127
27 126
27 128
27 127
27 129
27 129
27 131
27 129
27 131
27 130
27 131
27 128
27 123
27 122
27 127
27 123
27 120
27 118
27 116
27 115
27 114
27 114
27 117
27 116
27 112
27 107
27 104
27 103
27 101
27 101
27 98
27 97
27 94
27 91
27 90
27 89
27 90
27 91
27 92
27 95
27 96
27 98
27 98
27 97
27 96
27 99
27 102
27 101
27 99
27 98
27 98
27 98
27 95
27 92
27 89
27 88
27 87
27 86
27 86
27 85
27 80
27 79
27 76
27 74
27 75
27 79
27 81
27 80
27 78
27 78
27 78
27 82
27 82
27 81
27 81
27 79
27 78
27 78
27 78
27 77
27 77
27 77
27 79
27 83
27 83
27 94
27 93
27 92
27 92
27 92
27 95
27 98
27 97
27 96
27 94
27 97
27 99
27 99
27 99
27 99
27 99
27 102
27 101
27 100
27 98
27 96
27 96
27 96
27 94
27 95
27 95
27 92
27 92
27 95
27 97
27 99
27 97
27 96
27 99
27 97
27 96
27 97
27 96
27 94
27 94
27 94
26 93
26 92
26 91
26 90
26 89
26 96
26 96
26 98
26 97
26 97
26 97
26 96
26 94
26 93
26 96
26 95
26 93
26 92
26 91
26 94
26 93
26 91
26 88
26 86
26 85
26 86
26 84
26 82
26 81
26 79
26 77
26 77
26 78
26 77
26 76
26 75
26 74
26 72
26 71
26 71
26 71
26 71
26 74
26 72
26 75
26 72
26 71
26 73
26 78
26 78
26 77
26 76
26 74
26 74
26 73
26 69
26 69
26 68
26 71
26 69
26 72
26 75
26 77
26 77
26 79
26 80
26 81
26 80
26 78
26 80
26 80
26 80
25 80
25 81
25 81
25 80
25 80
25 79
25 78
25 77
25 76
25 74
25 73
25 73
25 73
25 73
25 74
25 76
25 74
25 82
25 79
25 79
25 78
25 77
24 78
24 78
24 78
24 81
24 80
24 81
24 79
24 80
24 79
24 78
23 79
23 78
23 77
23 79
23 77
23 74
23 73
23 74
23 72
23 69
23 67
23 66
23 65
23 67
23 66
23 66
23 65
23 63
23 61
23 60
23 61
23 61
23 60
23 59
23 58
23 56
23 53
23 51
23 51
23 52
23 52
23 51
23 50
23 48
23 47
23 47
23 47
23 50
22 48
22 48
22 48
22 49
22 48
22 47
22 46
22 44
22 42
22 42
22 42
22 50
22 54
22 54
22 58
22 58
22 56
22 53
22 52
22 52
22 54
22 53
22 51
22 51
22 50
22 49
22 49
22 50
22 50
22 49
22 48
22 48
22 50
22 50
22 49
22 48
22 48
22 48
22 46
22 42
22 45
22 43
22 44
22 44
22 43
22 44
22 46
22 46
22 45
21 45
21 44
21 43
21 46
21 48
21 49
21 48
21 49
21 48
21 48
21 48
21 48
21 47
21 46
21 47
21 50
21 50
21 50
21 50
21 49
21 52
21 54
21 53
21 54
21 52
21 50
21 50
21 49
21 47
21 44
21 44
21 43
21 46
21 49
21 54
21 54
21 53
21 50
21 50
21 50
21 50
21 50
21 51
21 50
21 48
21 48
21 47
21 47
21 46
21 45
21 49
21 48
21 48
21 47
21 46
21 45
21 47
21 46
21 44
21 42
21 40
21 39
21 38
21 36
21 39
21 42
21 41
21 40
21 41
21 39
21 38
21 38
21 38
21 44
21 44
21 44
21 44
21 44
21 43
21 42
21 41
21 40
21 39
21 43
21 43
21 43
21 43
21 42
21 40
21 39
21 38
21 38
21 38
21 38
21 38
21 38
21 38
21 38
21 41
21 39
21 38
21 38
21 40
21 39
21 38
21 38
21 38
21 38
21 43
21 43
20 43
20 43
20 43
20 43
20 43
20 43
20 45
20 43
20 42
20 42
20 44
20 44
20 44
20 44
20 47
20 46
20 45
20 44
20 44
20 44
20 44
20 47
19 46
19 46
19 48
19 48
19 48
19 46
19 46
19 46
19 45
19 44
19 44
19 43
19 43
19 43
19 42
19 42
19 42
19 42
19 43
19 42
19 41
19 40
19 40
19 40
19 40
19 40
19 40
19 39
19 38
19 38
19 38
19 37
19 34
19 33
19 33
19 32
19 32
19 31
19 31
19 35
19 35
19 35
19 35
19 34
19 33
19 32
19 31
19 30
19 28
19 27
19 27
19 27
19 30
19 30
19 30
19 30
19 30
19 30
19 30
19 34
18 38
18 38
18 37
18 36
18 36
18 35
18 34
18 34
18 34
18 36
18 35
18 34
18 35
18 34
18 33
18 33
18 35
18 38
18 38
18 38
18 38
18 38
18 38
18 38
18 38
18 38
18 38
18 39
18 42
18 41
18 41
18 41
18 40
18 39
18 39
17 41
17 41
17 41
17 45
17 49
17 48
17 48
17 47
17 47
17 49
16 50
16 50
16 50
16 49
16 48
16 47
16 47
16 47
16 47
16 47
15 47
15 47
15 46
15 49
15 48
15 48
15 48
15 48
15 47
15 46
15 45
15 45
15 43
15 41
15 40
15 40
15 39
15 39
15 39
15 38
15 38
15 38
15 38
15 38
15 38
15 38
15 38
15 38
15 38
15 41
15 45
15 44
15 44
15 43
15 43
15 42
15 42
15 42
15 46
15 45
15 44
15 48
15 52
15 54
15 56
15 58
15 57
15 57
15 55
15 53
15 51
14 52
14 52
14 54
14 54
14 56
14 56
14 55
14 57
14 57
14 57
14 57
14 57
14 57
14 60
13 61
13 61
13 65
13 65
13 65
13 64
13 63
13 61
13 63
13 62
13 65
13 64
13 64
13 62
13 64
13 68
13 67
13 66
13 65
13 64
13 64
13 66
13 68
13 68
13 68
13 67
13 67
13 66
13 65
13 68
13 68
13 68
13 68
13 70
13 74
13 72
13 76
13 76
13 76
13 76
13 76
13 82
13 82
13 82
13 82
13 81
13 81
13 79
13 79
13 79
13 79
13 78
13 78
13 78
13 76
13 74
13 73
13 72
13 71
13 73
13 73
13 73
13 73
13 69
13 67
13 66
13 64
13 67
13 65
13 64
13 63
13 64
13 65
13 67
13 67
13 67
13 66
13 64
13 63
13 63
13 60
13 59
13 56
13 55
13 58
13 60
13 64
13 60
13 56
13 54
13 53
13 52
13 55
13 55
13 57
13 57
13 57
13 57
13 57
13 60
13 60
13 59
13 58
13 59
13 58
13 57
13 59
13 59
13 58
13 58
13 60
13 60
13 63
13 62
13 62
13 61
13 60
13 60
13 63
13 63
13 63
13 63
13 65
13 67
13 66
13 65
13 66
13 66
13 64
13 63
13 62
13 61
13 62
13 62
13 61
13 61
13 65
13 65
13 69
13 71
13 73
13 72
13 71
13 70
13 69
13 67
13 67
13 69
13 69
13 71
13 70
13 70
13 70
13 70
13 70
13 70
13 70
13 73
13 77
13 75
13 74
13 73
13 72
13 73
13 73
13 71
13 69
13 70
13 69
13 69
13 66
13 70
13 68
13 69
13 69
13 73
13 71
13 70
13 73
13 75
13 74
13 76
13 76
13 76
13 79
13 79
13 82
13 82
13 81
13 87
13 89
13 88
13 87
13 92
13 92
13 92
13 91
13 91
13 91
12 92
12 96
12 98
12 100
12 100
12 100
12 100
12 99
12 98
12 97
12 97
12 97
12 99
12 100
12 102
12 103
12 102
12 100
12 100
11 100
11 100
11 100
11 98
11 96
11 93
11 91
11 93
10 91
9 89
9 87
9 88
9 88
9 88
9 87
9 88
9 87
9 85
9 86
9 87
9 84
9 83
9 84
9 85
9 84
9 82
9 81
9 80
9 80
9 78
9 77
9 75
9 76
9 74
9 74
9 76
9 73
9 72
9 70
9 69
9 69
9 69
9 69
9 67
9 68
9 71
9 71
9 69
9 71
9 71
9 74
9 73
9 77
9 79
9 79
9 79
9 79
9 79
9 78
9 76
9 74
9 78
9 79
9 80
9 84
9 84
9 86
9 86
9 86
9 86
9 85
9 84
9 82
9 82
9 79
9 77
9 76
9 78
9 80
9 80
9 80
9 79
9 78
9 82
9 91
9 91
9 94
9 94
9 94
9 97
9 97
9 96
9 98
9 98
9 102
9 100
9 98
9 100
9 100
9 100
9 100
9 100
9 100
9 101
9 103
9 105
9 107
9 106
9 106
9 106
9 105
9 104
9 103
9 103
9 102
9 102
9 105
9 105
9 104
9 105
9 108
9 110
9 110
9 113
9 113
9 112
9 113
9 113
9 113
9 113
9 114
9 117
9 119
9 117
9 117
9 115
9 112
9 110
9 109
9 108
9 108
9 109
9 108
9 107
9 106
9 104
9 103
9 108
9 108
9 115
9 112
9 111
9 114
9 112
9 109
9 107
9 105
9 106
9 106
9 106
9 105
9 104
9 103
9 102
9 100
9 102
9 100
9 100
9 99
9 98
9 101
9 101
9 105
9 105
9 106
9 109
9 107
9 107
9 109
9 115
9 119
9 119
9 119
9 117
9 116
9 119
9 117
9 115
9 117
9 117
9 124
9 124
9 127
9 127
9 127
9 127
9 127
9 127
9 128
9 127
9 127
9 127
9 127
9 127
9 128
9 127
8 126
8 125
8 128
8 131
8 130
8 130
8 130
8 130
8 130
8 131
8 131
8 136
8 138
8 138
8 146
8 145
8 145
8 147
8 147
8 151
8 150
8 150
8 150
8 150
8 150
8 149
8 149
8 148
8 152
8 152
8 152
8 154
8 154
8 154
8 152
8 151
8 151
8 151
8 151
8 155
8 156
8 156
8 157
8 155
8 154
8 156
8 158
7 159
7 160
7 164
7 164
7 167
7 169
7 167
7 169
7 168
7 168
7 167
7 170
7 169
7 172
7 171
7 170
7 169
7 170
7 170
7 170
7 169
7 174
7 173
7 174
7 172
7 176
7 175
7 176
7 183
7 193
7 193
7 195
7 195
7 194
7 197
7 197
7 194
7 194
7 192
7 189
7 187
7 189
7 191
7 196
7 193
7 195
7 195
7 196
7 194
7 193
7 202
7 203
7 204
7 205
7 208
7 212
7 215
7 215
7 215
7 215
7 223
7 223
7 224
7 223
7 225
7 222
7 220
7 219
7 219
7 218
7 218
7 217
7 216
7 220
7 223
7 221
7 222
7 224
7 223
7 223
7 222
7 223
7 223
7 225
7 224
7 224
7 225
7 228
7 228
7 227
7 225
7 223
7 222
7 224
7 225
7 227
7 226
7 228
7 224
7 225
7 225
7 223
7 223
7 220
7 219
7 218
7 216
7 216
7 217
7 212
7 212
7 217
7 217
7 217
7 220
7 217
7 217
7 217
7 216
7 220
7 219
7 219
7 225
7 224
7 224
7 224
7 225
7 224
7 227
7 229
7 229
7 228
7 228
7 231
7 232
7 231
7 231
7 229
7 227
7 227
7 226
7 225
7 228
7 231
7 229
7 228
7 232
7 232
7 231
7 229
7 234
7 235
7 235
7 235
7 234
7 236
7 238
7 236
7 239
7 240
7 238
7 238
7 239
7 238
7 239
7 239
7 240
7 237
7 233
7 231
7 231
7 231
7 234
7 233
7 239
7 238
7 243
7 243
7 242
7 243
7 243
7 241
7 244
7 241
7 241
7 243
7 242
7 242
7 244
7 246
7 251
7 250
7 250
7 253
7 251
7 249
7 248
7 247
7 251
7 249
7 251
7 253
7 252
7 251
7 248
7 254
7 253
7 250
7 250
7 252
7 254
7 253
7 252
7 250
7 253
7 251
7 255
7 253
7 255
7 251
7 255
7 255
7 255
7 255
7 253
7 252
7 248
7 247
7 251
7 256
7 257
7 261
7 259
7 264
7 270
7 267
7 266
7 266
7 270
7 268
7 274
7 277
7 276
7 274
7 274
7 274
7 276
7 280
7 292
7 291
7 294
7 295
7 295
7 298
7 298
7 299
7 303
7 307
7 306
7 311
7 313
7 312
7 314
7 314
7 316
7 314
7 316
7 313
7 312
7 312
7 317
7 319
7 318
7 319
7 317
7 320
7 317
7 322
7 322
7 327
7 328
7 325
7 329
7 332
7 331
7 331
7 335
7 334
7 338
7 339
7 341
7 338
7 339
7 343
7 344
7 345
7 344
7 345
7 350
7 348
7 349
7 350
7 350
7 351
7 354
7 351
7 350
7 348
7 351
7 353
7 351
7 355
7 356
7 356
7 355
7 354
7 351
7 348
7 350
7 351
7 355
7 355
7 356
7 356
7 355
7 351
7 348
7 348
7 347
7 351
7 350
7 349
7 348
7 348
7 348
7 347
7 346
7 348
7 348
7 344
7 346
7 346
7 348
7 351
7 352
7 352
7 356
7 359
7 362
7 358
7 355
7 353
7 353
7 350
7 347
7 344
7 348
7 347
7 348
7 352
7 352
7 351
7 354
7 355
7 353
7 353
7 357
7 363
7 366
7 363
7 364
7 371
7 376
7 378
7 375
7 373
7 374
7 372
7 370
7 365
7 365
7 363
7 366
7 368
7 363
7 360
7 362
7 364
7 366
7 366
7 367
7 367
7 368
7 372
7 376
7 376
7 373
7 372
7 376
7 382
7 379
7 381
7 384
7 381
7 386
7 392
7 390
7 389
7 389
7 390
7 390
7 387
7 386
7 387
7 382
7 378
7 373
7 381
7 377
7 381
7 381
7 382
7 383
7 382
7 379
7 380
7 383
7 383
7 389
7 390
7 397
7 399
7 401
7 406
7 407
7 412
7 418
7 420
7 424
7 427
7 430
7 429
7 423
7 425
7 421
7 421
7 417
7 413
7 418
7 418
7 415
7 414
7 411
7 406
7 406
7 405
7 406
7 412
7 410
7 413
7 416
7 418
7 418
7 424
7 426
7 426
7 428
7 429
7 434
7 438
7 438
7 440
7 444
7 442
7 441
7 440
7 441
7 445
7 445
7 442
7 439
7 438
7 438
7 436
7 443
7 441
7 440
7 446
7 446
7 446
7 442
7 444
7 440
8 435
8 434
8 437
8 437
8 434
8 432
8 433
8 432
8 436
8 437
8 439
8 439
8 436
8 434
8 433
8 433
8 436
8 441
8 439
8 442
8 442
8 442
8 437
8 432
8 429
8 435
8 436
8 434
8 433
8 433
8 433
8 433
8 429
8 430
8 435
8 438
8 437
8 435
8 441
8 439
8 437
8 436
8 441
8 442
8 445
8 450
8 448
8 449
8 447
8 447
8 448
8 446
8 446
8 441
8 441
8 446
8 455
8 452
8 457
8 457
8 455
8 452
8 449
8 448
8 448
8 454
8 456
8 455
8 455
8 452
8 451
8 458
8 455
8 452
8 451
8 451
8 456
8 458
8 456
8 458
8 456
8 460
8 474
8 472
8 471
8 469
8 470
8 468
8 468
8 472
8 471
8 472
8 473
8 474
8 474
8 471
8 474
8 470
8 473
8 474
8 481
8 484
8 485
8 488
8 490
8 494
8 497
8 492
8 492
8 491
8 496
8 500
8 497
8 496
8 497
8 490
8 493
8 496
8 498
8 497
8 501
8 510
8 515
8 513
8 518
8 520
8 514
8 513
8 514
8 518
8 522
8 522
8 526
8 524
8 521
8 518
8 516
8 514
8 513
8 512
8 513
8 510
8 516
8 515
8 522
8 524
8 526
8 523
8 526
8 525
8 537
8 536
8 535
8 537
8 540
8 542
8 543
8 547
8 548
8 550
8 556
8 553
8 560
8 559
8 558
8 558
8 559
8 556
8 558
8 554
8 551
8 552
8 547
8 543
8 556
8 555
8 558
8 552
8 552
8 548
8 545
8 543
8 542
8 547
8 547
8 547
8 543
8 541
8 539
8 536
8 539
8 535
8 535
8 532
8 527
8 523
8 519
8 524
8 523
8 521
8 524
8 518
8 513
8 518
8 519
8 524
8 521
8 518
8 515
8 527
8 530
8 529
8 538
8 540
8 548
8 562
8 564
8 563
8 565
8 567
8 570
8 571
8 574
8 578
9 578
9 578
9 584
9 587
10 591
10 591
10 597
10 592
10 594
10 592
10 592
10 591
10 591
10 594
11 593
11 590
11 596
11 599
11 600
11 597
11 596
11 596
11 601
11 603
11 607
11 611
11 614
11 615
11 609
11 607
11 610
11 610
11 610
11 609
11 611
11 614
11 613
11 607
11 601
11 602
11 606
11 605
11 612
12 606
12 603
12 599
12 606
12 606
12 605
13 607
13 605
13 613
13 610
13 601
13 609
13 610
13 600
13 607
13 600
13 600
13 604
13 600
13 595
13 590
13 584
13 577
13 577
13 572
13 572
13 563
13 561
13 561
13 559
13 557
13 556
13 549
13 540
13 549
14 544
14 543
14 545
14 544
14 535
14 535
14 542
14 540
14 544
14 545
15 541
15 543
15 538
15 536
15 532
15 539
15 537
15 538
15 538
15 534
15 531
15 531
15 528
15 524
15 522
15 522
15 528
15 523
15 523
15 528
15 527
15 525
15 538
15 536
15 533
15 542
15 544
15 547
15 555
15 550
15 549
15 544
15 550
15 549
15 548
15 549
15 546
15 554
15 553
15 553
15 555
15 559
15 559
15 559
15 563
15 557
15 556
15 560
15 560
15 565
15 570
15 572
15 569
15 565
15 564
15 558
16 554
16 547
16 549
16 558
16 557
16 558
16 557
16 569
16 571
16 574
16 575
16 573
16 567
16 568
16 563
16 555
16 556
16 553
16 550
16 552
16 564
16 564
16 562
16 560
16 563
16 556
16 555
16 562
16 563
16 570
16 573
16 567
16 562
16 563
16 575
16 576
16 572
16 565
16 563
16 555
16 552
16 552
16 546
16 548
16 550
16 544
16 543
16 535
16 537
16 539
16 541
16 540
16 540
16 541
16 536
16 533
16 532
16 531
16 529
16 528
16 535
16 534
16 537
16 536
16 532
16 527
16 526
16 526
16 523
16 521
16 522
16 525
16 523
16 515
16 523
16 523
16 521
16 519
16 516
16 516
16 516
16 514
16 515
16 518
16 510
16 504
16 505
16 509
16 507
16 499
16 499
16 499
16 504
16 503
16 504
16 508
16 512
16 508
16 506
16 513
16 511
16 521
16 517
16 523
16 532
16 535
16 539
16 536
16 532
16 522
16 521
16 523
16 516
16 514
16 507
16 501
16 512
16 505
16 500
16 496
16 492
16 499
16 496
16 502
16 507
16 509
16 510
16 512
16 511
16 509
16 508
16 503
16 499
16 498
16 501
17 500
17 502
17 499
17 501
18 493
18 497
18 497
18 490
18 499
18 507
19 515
19 522
19 518
19 512
19 514
19 512
19 511
19 509
19 514
19 512
19 510
20 509
20 512
20 507
20 509
20 512
20 517
20 516
20 509
20 510
20 510
20 506
20 502
20 502
20 504
20 504
20 501
20 500
20 496
20 499
20 497
20 497
20 496
20 492
20 482
20 476
20 469
20 467
20 464
20 460
20 462
20 468
20 470
20 462
20 457
20 454
20 454
20 449
20 453
20 458
20 451
20 447
20 447
20 443
21 442
21 438
21 431
21 429
21 427
22 425
22 428
22 426
22 417
22 412
22 416
22 422
22 421
22 434
22 438
22 435
22 428
22 427
22 430
22 429
22 424
22 418
22 418
22 415
22 417
22 417
22 415
22 413
22 415
22 420
22 421
22 417
22 414
22 416
22 416
22 414
22 416
22 412
22 410
22 413
22 409
22 408
22 405
22 402
22 402
22 407
22 406
22 404
22 402
22 405
22 407
22 402
22 397
22 396
22 396
22 403
22 405
22 401
22 398
22 394
22 402
22 405
22 400
22 405
22 411
22 406
22 412
22 412
22 417
22 415
22 414
22 413
22 415
22 416
22 414
22 413
22 413
22 412
22 406
22 407
22 404
22 401
22 404
22 401
22 400
22 394
22 392
22 391
22 389
22 392
22 389
22 384
22 383
22 381
22 381
22 384
22 381
22 382
22 381
22 389
22 393
22 395
22 400
22 397
22 394
23 389
23 386
23 381
23 376
23 374
23 367
23 371
23 361
24 359
24 354
24 350
24 345
24 344
24 345
24 340
24 335
24 333
24 324
24 326
24 323
24 321
24 322
24 324
24 328
24 324
24 328
24 324
24 320
24 315
24 311
24 311
24 310
24 312
24 311
24 307
24 307
24 302
24 300
24 299
24 298
24 301
24 300
24 309
24 309
24 308
24 305
24 305
24 300
24 298
24 301
24 304
24 310
24 305
24 296
24 287
24 282
24 283
24 284
24 287
24 281
24 276
25 277
25 278
25 274
25 269
25 271
25 279
25 278
25 278
25 281
25 281
25 276
25 273
25 274
25 270
26 269
26 268
26 267
26 262
26 262
26 272
26 272
26 277
26 279
26 277
26 281
26 283
26 277
26 278
26 285
26 281
26 280
26 281
26 275
26 274
26 276
26 283
26 278
26 274
26 271
26 270
26 265
26 265
26 265
26 263
26 269
26 268
26 277
26 272
26 269
26 272
26 274
26 273
26 271
26 267
26 265
26 264
26 269
27 272
27 274
27 278
27 274
27 271
27 265
27 260
27 254
27 246
27 246
27 244
27 241
27 236
27 233
27 230
27 223
27 221
28 228
28 223
28 218
28 219
28 219
28 218
28 216
28 219
28 215
28 217
28 219
28 221
28 227
28 228
28 229
28 229
28 233
28 242
28 245
28 245
28 241
28 239
28 246
28 243
28 242
28 248
28 244
28 243
28 242
28 238
28 235
28 233
28 243
28 244
28 244
28 242
28 237
28 242
28 238
28 234
28 233
28 234
28 232
28 231
29 235
29 236
29 234
29 233
29 236
29 239
29 236
29 235
29 235
29 239
29 240
29 246
29 249
29 250
29 246
29 248
29 252
29 252
29 258
29 256
29 252
29 245
29 246
29 241
29 242
29 242
29 239
29 237
29 232
29 233
29 236
29 236
29 233
29 232
29 232
29 232
29 232
29 231
29 229
29 226
29 225
29 223
29 221
29 223
29 218
29 214
29 212
29 212
29 217
29 223
29 221
29 224
29 226
29 225
29 221
29 217
29 216
29 219
29 217
29 219
29 227
29 228
29 234
29 230
29 235
29 239
29 237
29 241
29 241
29 244
29 248
29 246
29 248
29 245
29 243
29 248
29 243
29 240
29 241
29 251
29 248
29 251
29 253
29 252
29 250
29 254
29 256
29 256
29 253
29 248
29 250
29 245
29 243
29 239
29 237
29 240
29 237
29 237
29 240
29 243
29 239
29 240
29 242
29 245
29 246
29 246
29 241
29 241
29 248
29 246
29 250
29 249
29 253
29 250
29 247
29 253
29 255
29 258
29 258
29 253
29 252
29 248
29 247
29 244
29 245
29 242
29 243
29 252
29 249
29 247
29 249
29 250
29 249
29 245
29 242
29 235
29 236
29 232
29 229
29 229
29 231
29 229
29 220
29 215
29 212
29 216
29 213
29 215
29 211
29 209
29 211
29 206
29 203
29 200
29 198
29 204
29 207
29 205
29 200
29 199
29 200
29 202
29 196
29 192
29 188
29 187
29 182
29 181
29 186
29 185
29 191
29 187
29 183
29 182
29 180
29 180
29 182
29 179
29 184
29 187
29 185
29 190
29 187
29 190
29 190
29 191
29 192
29 194
29 195
29 193
29 188
29 194
29 191
29 189
29 191
29 203
29 201
29 200
29 202
29 197
29 192
29 193
29 190
29 191
30 194
30 191
30 194
30 192
30 199
30 208
30 202
30 204
30 208
30 205
30 212
30 210
30 208
30 209
30 207
30 201
30 199
30 199
30 200
30 203
30 198
30 200
30 196
30 197
30 192
30 193
30 195
30 191
30 193
30 192
30 188
30 182
30 179
30 180
30 175
30 181
30 176
30 177
29 174
29 168
29 172
29 173
29 169
29 167
29 179
29 177
29 178
29 177
29 176
29 173
29 169
29 169
29 171
29 168
29 170
29 172
29 171
29 171
29 171
29 170
29 168
29 167
29 167
29 165
29 165
29 166
29 169
29 170
29 168
29 165
29 165
29 163
29 162
29 162
29 159
29 157
29 160
29 158
29 154
29 159
29 158
29 159
29 158
29 156
29 153
29 151
29 154
28 152
28 149
28 147
28 146
28 148
28 147
28 150
28 151
28 152
28 149
28 149
28 147
28 150
28 152
28 155
28 156
28 155
28 161
28 159
28 162
28 163
28 164
28 165
28 162
28 160
28 158
28 157
28 158
28 158
28 165
28 167
28 163
28 165
28 161
28 164
28 165
28 163
28 161
28 160
28 158
28 157
28 156
28 155
28 157
28 155
28 155
28 153
28 148
28 149
28 146
28 146
28 148
28 149
28 147
28 146
28 144
28 142
28 141
28 140
28 140
28 139
28 138
28 137
28 134
28 136
28 135
28 134
28 139
28 144
28 153
28 155
28 154
28 152
28 152
28 159
28 161
28 164
28 166
28 163
28 162
28 160
28 158
28 158
28 156
28 156
28 158
28 160
28 159
28 159
28 159
28 158
28 157
28 158
28 157
28 157
28 161
28 159
28 156
28 158
28 157
28 156
28 157
27 154
27 161
27 163
27 165
27 169
27 171
27 173
27 176
27 181
27 182
27 181
27 182
27 181
27 181
27 183
27 190
27 186
27 183
26 182
26 182
26 185
26 188
26 193
25 203
25 201
25 198
25 198
25 195
25 201
25 200
25 198
25 197
25 200
25 196
25 191
25 189
25 195
25 199
25 195
25 189
25 187
25 187
25 190
25 194
25 193
25 190
25 187
25 184
25 183
25 188
25 189
25 191
25 192
24 189
24 187
24 188
24 187
24 186
24 185
24 185
24 191
24 190
24 193
24 192
24 196
24 196
24 194
24 192
24 193
24 196
24 193
24 191
24 192
24 194
24 192
24 192
24 191
24 188
24 191
24 192
24 193
24 189
24 188
24 188
24 188
24 187
24 188
24 184
24 182
24 184
24 183
24 191
24 187
24 183
24 186
24 185
24 183
24 183
24 180
24 175
24 173
24 172
24 170
24 174
24 174
24 176
24 178
24 181
24 182
24 186
24 186
24 190
24 193
24 194
24 197
24 201
24 199
24 201
24 200
24 203
24 206
24 207
24 212
24 215
24 218
24 221
24 224
24 229
24 229
24 232
24 239
24 237
24 238
24 237
24 236
24 235
24 244
24 241
24 238
24 237
24 234
24 233
24 233
24 233
24 237
24 236
24 234
24 232
24 234
24 230
24 228
25 228
25 224
25 223
25 224
25 222
25 222
25 223
25 223
25 222
25 226
25 231
25 234
25 232
25 231
25 229
25 231
25 231
25 231
25 230
25 231
25 227
25 225
25 222
25 221
25 219
25 219
25 218
25 217
25 217
25 223
25 224
25 219
25 223
25 220
25 219
25 223
25 223
25 221
25 221
25 220
25 216
25 211
25 214
25 214
25 225
25 224
25 223
25 224
25 221
25 218
25 220
25 216
25 217
25 216
25 213
25 213
25 212
25 213
25 215
25 214
25 214
25 212
25 211
25 207
25 207
25 210
25 208
25 210
25 211
25 211
25 208
25 212
25 208
25 208
25 208
25 209
25 210
25 217
25 215
25 213
25 216
26 212
26 214
26 210
26 211
26 212
26 207
26 202
26 208
26 207
26 205
26 208
26 210
26 208
26 205
26 202
26 199
26 196
26 202
26 203
26 199
26 196
26 193
26 191
26 189
26 192
26 188
26 185
26 188
26 184
26 183
26 180
26 179
26 177
26 179
26 178
26 178
26 181
26 184
26 183
26 179
26 179
26 177
26 177
26 173
26 175
26 172
26 168
26 165
26 160
25 162
25 159
25 163
25 162
25 158
25 152
25 154
25 151
25 147
25 148
25 142
24 142
24 140
24 139
24 135
24 138
24 137
24 134
24 132
24 129
24 126
24 124
24 123
24 122
24 117
24 118
24 119
24 120
24 128
24 126
24 129
24 133
24 134
24 135
24 136
24 133
24 132
24 131
24 131
24 133
24 130
24 129
24 128
24 136
24 140
24 140
24 147
24 147
24 146
24 144
24 146
24 144
24 144
24 145
24 147
24 145
24 151
24 152
24 153
24 148
24 149
24 150
24 155
24 153
24 153
24 154
24 154
24 157
24 159
24 160
24 158
24 158
24 158
24 164
24 162
24 162
24 162
24 164
24 162
24 164
24 162
24 161
24 157
24 163
24 165
24 163
24 161
24 161
24 161
24 160
24 158
24 157
24 154
24 151
24 147
24 148
24 151
24 151
24 150
24 149
24 145
24 147
24 149
24 148
24 147
24 146
24 144
24 143
24 143
24 139
24 139
24 141
24 141
24 140
24 140
24 141
24 140
24 140
24 141
24 140
24 143
24 142
24 142
24 138
24 137
24 139
24 139
24 143
24 141
24 138
24 135
24 135
24 139
24 141
24 140
24 140
24 138
24 137
24 136
24 142
24 142
24 141
24 137
24 137
24 136
24 139
24 139
24 138
24 136
24 140
24 139
24 138
24 136
24 136
24 132
24 134
24 136
24 135
24 136
24 134
24 135
24 133
24 136
24 136
24 137
24 135
24 135
24 134
24 131
24 136
24 134
24 134
24 133
24 132
24 136
23 136
23 135
23 135
23 133
23 137
23 136
23 133
23 137
23 136
23 135
23 133
23 134
23 134
23 132
23 135
23 134
23 133
23 135
23 136
23 135
23 138
23 136
23 138
23 144
23 140
23 137
23 136
23 135
23 136
23 138
23 139
23 141
23 143
23 143
23 143
23 142
23 141
23 140
23 139
23 139
23 141
23 142
23 138
23 138
23 136
23 134
23 136
23 135
23 144
23 147
23 144
23 143
23 143
23 142
23 139
23 139
23 134
23 139
23 140
23 139
23 140
23 140
23 141
23 145
23 146
23 145
23 149
23 152
23 151
23 150
23 148
23 152
23 157
23 153
23 155
23 157
22 160
22 161
22 160
22 159
22 163
22 163
22 162
22 161
22 163
22 167
22 164
22 160
22 160
22 164
22 162
22 160
22 159
22 158
22 157
22 157
22 159
22 158
22 157
22 155
22 163
22 163
22 166
22 168
22 165
22 164
22 164
22 163
22 161
22 159
22 160
22 157
22 156
22 154
22 155
22 157
21 157
21 159
21 162
21 160
21 158
21 155
21 153
21 148
21 147
21 146
21 144
21 146
21 143
21 145
21 143
21 146
21 146
20 145
19 144
19 147
19 149
19 149
19 148
19 148
19 148
19 148
19 148
19 146
19 145
19 144
19 146
19 150
19 149
19 156
19 154
19 152
19 155
19 154
19 154
18 156
18 161
18 159
18 157
18 155
18 156
18 152
18 157
18 155
18 152
18 153
18 152
18 156
18 160
18 160
18 163
18 162
18 160
18 159
18 159
18 160
18 166
18 164
18 168
18 168
18 170
18 176
18 175
18 176
18 174
18 171
18 170
18 170
18 174
18 177
18 176
18 175
18 184
18 189
18 193
18 195
18 194
18 194
18 199
18 201
18 201
18 199
18 201
18 207
18 210
18 209
18 213
18 218
18 220
18 224
18 225
18 228
18 228
18 231
18 228
18 229
18 228
18 228
18 229
18 230
18 232
18 230
18 228
18 219
18 218
17 213
17 216
17 215
17 213
17 213
17 212
17 210
17 210
17 207
17 206
17 206
17 208
17 210
17 211
17 207
17 206
17 208
17 207
17 209
17 206
17 206
17 206
17 204
17 202
17 201
17 200
17 200
17 203
17 203
17 202
17 199
17 208
17 209
17 209
17 208
17 213
17 212
17 210
17 211
17 208
17 209
17 212
17 211
17 213
17 212
17 214
17 219
17 217
17 216
17 214
17 216
17 216
17 217
17 215
17 213
17 219
17 219
17 219
17 216
17 216
17 219
17 219
17 228
17 233
17 236
17 239
17 237
17 238
17 239
17 244
16 246
16 244
16 242
16 244
16 245
16 249
16 250
16 248
16 251
16 249
16 247
16 249
16 257
16 254
16 252
16 255
16 254
16 255
16 256
16 259
16 260
16 257
16 257
16 257
16 256
16 252
16 252
16 250
16 246
16 250
16 248
16 253
16 254
16 252
16 258
16 261
16 260
16 263
16 268
16 267
16 268
16 269
16 266
16 265
16 260
16 257
16 256
16 259
16 261
16 258
16 255
16 257
16 257
16 259
16 260
16 260
16 258
16 257
16 255
16 255
16 257
16 259
16 257
16 259
16 259
16 259
16 258
16 259
16 261
16 259
16 258
16 256
16 256
16 257
16 256
16 255
16 257
16 262
16 265
16 266
16 266
16 264
16 267
16 269
17 268
17 268
17 269
17 267
17 271
17 269
17 272
17 273
17 273
17 274
17 277
17 281
17 282
17 283
17 278
17 280
17 278
17 277
17 279
17 285
17 291
17 292
16 294
16 294
16 297
16 306
16 304
16 302
16 305
16 307
16 301
16 300
16 302
16 303
16 310
16 316
16 323
16 325
16 330
15 330
15 335
15 332
15 326
15 328
15 332
15 331
15 338
15 336
15 342
15 341
15 346
15 347
15 350
15 348
15 346
15 345
15 345
15 346
15 343
15 342
15 342
15 343
14 347
14 352
14 347
14 341
14 341
14 340
14 342
14 343
14 345
15 343
15 342
15 345
15 344
15 345
15 346
15 348
15 347
15 345
15 345
15 340
15 337
15 332
15 339
15 337
15 333
15 336
15 339
15 334
15 331
15 324
15 325
15 323
15 321
15 316
15 313
15 310
15 312
15 311
15 309
15 303
15 308
15 305
15 309
15 309
15 312
15 316
15 316
15 314
15 313
15 311
15 307
15 311
15 311
15 310
15 308
15 308
15 310
15 313
15 309
15 308
15 304
15 304
15 316
15 319
15 318
15 319
15 319
15 325
15 325
15 321
15 318
15 316
15 316
15 317
15 322
15 325
15 332
15 329
15 337
15 340
15 339
15 341
15 346
15 345
15 346
15 344
15 342
15 342
15 348
15 345
15 342
15 340
15 339
15 346
15 349
15 352
15 358
15 360
15 362
15 360
14 367
14 367
14 372
14 368
14 364
14 364
14 367
14 371
14 373
14 374
14 375
14 374
14 372
14 371
14 369
14 367
14 363
14 367
14 372
14 381
14 378
14 375
14 381
14 373
14 368
14 369
14 370
14 368
14 366
14 372
14 379
14 381
14 379
14 383
14 386
14 390
14 391
14 396
14 393
14 397
14 397
14 403
14 402
14 403
14 399
14 396
14 390
14 383
14 381
14 377
14 374
14 380
14 379
14 375
14 366
14 364
14 361
14 361
14 365
14 364
14 360
14 361
14 360
14 360
14 358
14 371
14 376
14 382
14 386
14 393
14 394
14 396
14 395
14 398
14 397
14 405
14 408
14 411
14 409
14 409
14 406
14 402
14 407
14 407
14 407
14 407
14 415
14 411
14 404
14 405
14 400
14 398
14 390
14 391
14 389
14 389
14 393
14 391
14 395
14 406
14 407
14 405
14 402
14 400
14 404
14 401
14 400
14 394
14 392
14 397
14 403
14 409
14 406
14 410
14 413
14 409
14 413
14 410
14 410
14 412
14 412
14 414
14 421
14 422
14 418
14 421
14 425
14 425
14 421
14 422
14 423
14 423
14 426
14 429
14 431
14 429
14 434
13 431
13 426
13 430
13 427
13 430
13 424
13 421
13 415
13 416
13 416
13 415
13 414
13 414
13 407
13 409
13 409
13 420
14 420
14 426
14 426
14 430
14 427
14 425
14 421
14 426
14 428
14 430
14 426
14 430
15 434
15 438
15 432
15 430
15 427
16 424
16 426
16 424
16 421
17 419
17 415
17 410
17 408
17 404
17 404
17 406
16 402
16 399
16 400
16 398
16 398
16 397
16 398
16 398
16 392
16 396
16 402
16 403
16 405
16 405
16 405
16 401
16 401
16 400
16 393
16 393
16 394
16 394
16 393
16 394
16 394
16 387
16 385
16 385
16 384
16 382
16 383
16 384
16 385
16 393
16 394
16 400
16 396
16 393
16 389
16 389
16 386
16 391
16 390
16 391
16 395
16 389
16 387
16 389
16 392
16 392
16 392
16 388
16 390
16 388
16 386
16 389
16 387
16 383
16 382
16 387
16 382
16 384
16 389
16 389
16 395
16 391
16 387
16 386
16 391
16 392
16 388
16 397
16 400
16 402
16 402
16 405
16 402
16 398
16 395
16 394
16 392
17 393
17 395
17 398
17 396
17 398
17 399
17 395
17 394
17 392
17 390
17 392
17 389
17 385
17 384
17 383
17 377
17 379
17 388
17 390
17 382
17 374
17 370
17 374
17 375
17 376
17 373
17 380
17 378
17 379
17 378
17 375
17 373
17 371
17 373
17 368
17 363
17 362
17 359
17 355
17 351
17 349
17 344
17 345
17 354
17 352
17 347
17 343
17 340
17 336
17 335
17 332
17 332
17 335
17 334
17 336
17 330
17 325
17 328
17 327
17 331
18 328
18 323
18 320
18 330
18 328
18 330
18 331
18 330
18 327
18 328
18 324
18 331
18 335
18 331
18 333
19 332
19 333
19 334
19 335
19 335
19 340
19 334
19 331
19 333
19 334
19 337
19 340
19 344
19 342
19 342
19 340
19 340
19 345
19 351
19 353
19 356
19 357
19 355
19 353
19 344
19 356
19 359
19 356
19 358
19 354
19 355
19 360
19 361
19 358
19 366
19 364
19 355
19 352
19 347
19 354
19 350
19 352
19 352
19 350
19 349
19 352
19 349
19 352
19 354
19 358
19 358
19 358
19 360
19 359
19 364
19 365
19 372
19 368
19 369
19 365
19 359
19 356
19 355
19 351
19 357
19 358
19 357
19 354
19 355
19 354
19 354
19 356
19 352
19 355
19 350
19 355
19 355
19 357
19 353
19 351
19 350
19 341
19 336
19 336
19 336
19 332
19 332
19 328
19 329
19 332
19 328
19 322
19 318
19 321
19 325
19 321
19 321
19 323
19 328
19 328
19 326
19 324
19 326
19 323
19 318
19 324
19 325
19 325
19 325
19 323
19 335
19 332
19 335
19 334
19 333
19 326
19 328
19 329
19 331
19 335
19 342
19 337
19 336
19 333
19 333
19 330
19 345
19 346
19 347
19 358
19 362
19 365
19 371
19 379
19 379
19 378
19 372
19 370
19 366
19 367
19 375
19 373
19 373
19 371
19 372
19 368
19 373
19 371
19 373
19 373
19 377
19 374
19 381
19 381
19 382
19 380
19 378
19 378
19 383
19 380
19 374
19 372
19 370
19 369
19 368
19 368
19 365
19 362
19 360
19 355
19 355
19 355
19 352
19 353
19 351
19 349
19 341
19 336
19 341
19 342
19 343
19 344
19 345
19 346
19 346
19 346
19 344
19 341
19 343
19 346
19 348
19 351
19 350
19 347
19 347
19 351
19 349
19 349
20 343
20 343
20 341
20 338
20 340
20 342
20 340
20 340
20 351
20 353
20 355
20 353
20 350
20 353
20 352
20 364
20 361
20 359
20 357
20 364
20 363
20 371
20 369
20 376
20 378
20 380
20 377
20 377
20 377
20 374
20 374
20 373
20 367
20 371
20 374
20 370
20 372
20 376
20 377
20 380
20 381
20 379
20 376
20 375
20 380
20 376
20 374
20 378
20 385
20 384
20 384
20 379
20 375
20 372
20 373
20 373
20 374
20 374
20 373
20 378
20 373
20 367
20 366
20 370
20 367
20 368
20 373
20 368
20 363
20 360
20 359
20 358
20 361
20 358
20 357
20 353
20 350
20 357
20 355
20 352
20 346
20 344
20 339
20 337
20 338
20 340
20 337
20 341
20 341
21 337
21 335
21 336
21 336
21 331
21 332
21 331
21 332
21 331
21 333
21 333
21 333
21 330
21 333
21 332
21 328
21 324
21 326
21 329
21 324
21 325
21 323
21 321
21 326
21 329
21 325
21 325
21 324
21 321
21 318
21 318
21 317
21 315
21 308
22 305
22 301
22 313
22 315
22 316
22 316
22 309
22 307
22 308
22 308
22 313
22 315
22 316
22 320
22 324
22 324
22 324
22 321
22 318
22 325
22 321
22 317
22 316
22 327
22 323
22 318
22 315
22 324
22 320
22 316
22 313
22 321
23 317
23 316
23 316
23 313
23 308
23 307
23 305
23 301
23 294
23 297
23 301
23 295
23 296
23 294
23 295
23 302
23 308
23 309
23 312
23 314
23 315
23 314
23 317
23 320
23 323
23 325
23 329
23 324
23 320
23 315
23 317
23 322
23 311
23 310
23 308
23 305
23 303
23 309
23 311
23 302
23 298
23 298
23 295
23 293
23 292
23 296
23 292
23 298
23 293
23 292
23 289
23 291
23 288
23 284
23 280
23 280
23 281
23 275
23 269
23 269
23 271
23 278
23 284
23 285
23 283
23 283
23 283
23 282
23 279
23 284
23 282
23 276
23 270
23 266
23 270
23 269
23 263
23 266
23 271
23 274
23 272
23 269
23 272
23 279
23 288
23 299
23 298
23 293
23 288
23 284
23 281
23 285
23 288
23 291
23 287
23 282
23 287
23 283
23 282
23 286
23 281
23 276
23 272
23 271
23 269
23 269
23 268
23 270
23 267
23 266
23 267
23 267
23 267
23 269
23 269
23 264
23 264
23 269
23 269
23 265
23 268
23 263
23 268
23 265
23 262
23 257
23 254
23 252
23 255
23 256
23 255
23 261
23 268
23 266
23 267
23 265
23 263
23 262
23 260
23 258
23 268
23 274
23 269
23 268
23 270
23 266
23 272
23 268
23 271
23 274
23 275
23 274
23 274
23 271
23 271
23 270
23 264
23 258
23 258
23 257
23 257
23 260
23 259
23 256
23 255
23 255
23 253
23 258
23 259
23 263
23 264
23 260
23 259
23 261
23 255
23 258
23 253
23 251
23 255
23 260
23 258
23 260
23 256
23 251
23 252
23 249
23 245
23 245
23 243
23 242
23 243
23 241
23 242
23 245
23 246
23 246
23 243
23 242
23 239
23 239
23 239
23 238
23 231
23 228
23 227
23 222
23 221
23 224
23 223
23 221
23 219
23 217
23 222
23 222
23 225
23 222
23 223
23 223
23 225
23 231
23 229
23 224
23 228
23 227
23 223
23 227
23 229
23 228
23 227
23 226
23 223
23 220
23 220
23 220
23 219
23 222
23 227
23 230
23 229
23 227
23 226
23 227
23 232
23 227
24 231
24 230
24 230
24 231
24 229
24 231
24 228
24 227
24 226
24 222
24 221
24 220
24 219
24 222
24 219
24 221
24 220
24 221
24 222
24 219
24 214
24 215
24 214
24 213
24 212
24 208
24 208
24 210
24 212
25 214
25 210
25 206
25 205
25 202
25 203
25 202
25 199
25 201
25 209
26 207
26 207
26 209
26 212
26 210
26 218
26 232
26 230
26 227
26 229
26 230
26 236
26 238
26 238
26 236
26 233
26 232
27 229
27 225
27 227
27 223
27 226
27 235
27 231
27 226
27 225
27 219
27 213
27 210
27 207
27 211
27 209
27 214
27 209
27 208
27 205
27 202
27 201
27 198
27 204
27 204
27 207
27 208
27 207
27 203
27 197
27 192
27 193
27 195
27 192
27 189
27 190
27 192
27 190
27 189
27 186
27 186
27 183
27 182
27 182
27 187
27 184
27 181
27 175
27 171
27 171
28 170
28 166
28 162
28 164
28 164
28 167
28 165
28 164
28 164
28 162
28 164
28 162
28 160
28 161
28 166
28 162
28 160
28 160
28 156
28 152
28 157
28 157
28 160
28 158
28 155
28 155
28 152
28 148
28 147
28 150
28 149
28 152
28 148
28 147
28 147
28 148
28 152
28 154
28 160
28 160
28 162
28 163
28 160
28 157
28 155
28 154
28 151
28 157
28 157
28 155
28 153
28 153
28 151
28 151
28 154
28 149
28 148
28 146
28 150
28 149
28 148
28 147
28 154
28 153
28 157
28 156
28 156
28 160
28 158
28 156
28 155
28 158
28 156
28 153
28 151
28 147
28 149
28 147
28 142
28 146
28 143
28 143
28 141
28 138
28 134
28 129
28 128
28 131
28 128
28 124
28 120
28 121
28 119
28 122
28 120
28 116
28 112
28 108
28 106
28 102
28 101
28 102
28 102
28 104
28 105
28 103
28 103
28 100
28 99
28 98
28 100
28 97
28 93
28 93
28 91
28 87
28 86
28 85
28 83
28 81
28 79
28 77
28 77
28 75
28 76
28 73
28 72
28 70
28 69
28 68
28 66
28 65
28 64
28 63
28 63
28 62
28 61
28 61
28 60
28 58
28 59
28 58
28 58
28 57
28 57
28 61
28 63
28 63
28 62
28 64
28 65
28 67
28 67
28 69
28 69
28 68
28 71
28 70
28 71
28 72
28 71
28 73
28 73
28 72
28 71
28 71
28 75
28 75
28 75
28 79
28 79
28 78
28 77
28 77
28 77
28 76
28 79
28 79
28 82
28 82
28 81
28 79
28 76
28 75
28 75
28 75
28 73
28 75
28 75
28 78
28 78
28 81
28 80
28 82
28 82
28 82
28 82
28 81
28 81
28 80
28 79
28 79
28 81
28 81
28 80
28 83
28 82
28 82
28 80
28 79
28 76
28 74
28 75
28 74
28 73
28 73
28 71
28 69
28 69
28 69
28 71
28 71
28 69
28 68
28 68
28 66
28 68
28 67
28 70
28 70
28 69
28 69
28 67
28 65
28 71
28 71
28 71
28 68
28 67
28 65
28 64
28 68
28 70
28 68
28 67
28 67
28 67
28 67
28 67
28 69
28 67
28 67
28 68
28 67
28 66
28 64
28 64
28 66
28 63
28 63
28 63
28 63
28 61
28 60
28 59
28 58
28 56
28 56
28 59
28 57
28 55
28 53
28 56
28 54
28 53
28 56
28 56
28 56
28 53
28 52
28 52
28 52
28 52
28 51
28 51
28 50
28 49
28 47
28 50
28 53
28 52
28 50
28 49
28 48
28 46
28 46
28 46
28 48
28 47
28 46
28 45
28 45
28 44
28 43
27 41
27 39
27 38
27 37
27 37
27 37
27 37
26 37
26 37
26 36
26 39
26 38
26 38
26 36
26 38
26 38
26 36
26 35
26 33
26 32
26 34
26 33
26 32
26 34
26 34
26 34
26 33
26 33
26 33
26 33
26 34
26 34
26 34
26 33
26 32
26 32
25 31
25 29
25 29
25 29
25 29
25 29
25 29
25 29
25 29
25 29
25 32
25 32
25 32
25 32
25 32
25 32
25 32
25 32
25 31
25 34
25 34
25 38
25 38
25 37
25 36
25 36
25 36
25 36
25 34
25 33
25 33
25 32
25 31
25 30
25 28
25 28
25 27
25 27
25 27
25 26
25 25
25 24
25 24
25 23
25 23
25 23
25 23
25 23
25 23
25 24
25 23
25 23
24 23
24 27
23 27
23 27
23 27
23 27
23 29
23 31
23 31
23 30
23 33
23 33
22 34
22 32
21 31
21 31
21 31
21 31
21 31
21 34
21 36
21 36
21 36
21 36
21 36
21 36
21 36
21 36
21 38
21 38
21 40
21 38
21 35
21 35
21 37
21 37
21 37
21 37
20 38
20 38
20 38
20 38
19 38
19 37
19 37
19 40
19 38
19 39
19 41
19 41
19 42
19 42
19 42
18 42
18 44
18 45
18 44
18 44
18 44
18 44
18 44
18 44
17 43
17 42
17 41
17 41
17 41
16 41
16 41
16 41
16 40
16 40
16 39
16 40
16 39
16 39
16 39
16 39
16 37
16 36
16 36
16 39
16 38
16 37
16 37
16 37
16 37
16 37
16 37
16 37
16 37
16 37
16 37
16 37
16 37
16 37
16 37
16 37
16 38
16 37
16 37
16 37
16 36
16 36
16 36
16 36
16 36
16 36
16 36
16 36
16 36
16 36
16 36
16 36
16 36
16 36
16 36
16 36
16 35
16 33
16 32
16 35
16 34
16 33
16 32
16 36
16 40
16 40
16 40
16 40
16 40
16 40
16 42
16 42
16 42
16 52
16 52
16 52
16 53
16 55
16 57
16 57
16 57
16 56
16 55
16 56
16 57
16 55
15 53
15 55
15 55
15 54
15 55
15 55
15 55
14 56
14 55
14 54
14 54
14 54
14 57
14 57
14 57
14 56
14 56
14 56
14 55
14 54
13 53
13 52
13 53
13 52
12 52
12 51
12 53
12 53
12 54
11 55
11 54
11 54
11 53
11 53
11 52
11 51
11 51
11 51
11 53
11 53
11 53
11 53
10 55
10 54
10 53
10 53
10 53
10 53
10 54
10 53
10 51
10 52
10 52
10 52
10 52
10 52
10 51
10 53
10 53
10 53
10 53
10 53
10 52
10 51
10 50
10 50
10 47
10 47
10 46
10 44
10 47
10 45
10 42
10 40
10 37
10 34
9 33
9 33
9 37
9 37
9 37
9 37
9 40
9 39
9 41
9 39
9 39
9 38
9 38
9 38
9 38
9 38
9 38
9 38
9 38
9 38
9 38
9 38
9 38
9 38
9 38
9 38
9 38
9 38
9 38
9 38
8 38
8 38
8 38
8 41
8 40
8 40
8 40
8 39
8 39
8 38
8 38
8 38
8 40
8 40
8 40
8 39
8 38
8 38
8 38
8 38
8 38
8 38
8 38
8 39
8 43
8 43
8 43
8 44
8 44
8 44
8 47
8 46
8 45
8 44
8 51
8 51
8 51
8 51
8 51
8 51
8 51
8 51
8 50
8 53
8 52
8 52
8 51
8 49
8 49
8 49
8 47
8 47
8 47
8 48
8 48
8 48
8 48
8 48
8 48
8 48
8 47
8 47
8 46
8 46
8 46
8 49
8 50
8 50
8 50
8 50
8 50
8 54
8 57
8 57
8 59
8 61
8 61
8 61
8 61
8 61
8 61
8 63
8 63
8 63
8 63
8 63
8 63
8 62
8 62
8 62
8 65
8 65
8 65
8 66
8 70
8 70
8 69
8 68
8 70
8 70
7 68
7 66
7 65
7 65
7 67
7 67
7 67
7 67
7 67
7 66
7 64
7 64
7 64
7 64
7 63
7 62
7 64
7 67
7 69
7 69
7 71
7 72
7 73
7 75
7 75
7 78
7 78
7 79
7 79
7 81
7 82
7 82
7 80
7 82
7 80
7 80
7 79
7 82
7 82
7 82
7 80
7 79
7 81
7 83
7 83
7 88
7 89
7 88
7 88
7 88
7 88
7 86
7 85
7 86
7 84
7 81
7 80
7 79
7 80
7 82
7 83
7 83
7 83
7 83
7 83
7 81
7 80
7 79
7 77
7 80
7 79
7 77
7 77
7 77
7 76
7 76
7 76
7 81
7 82
7 82
7 81
7 82
7 78
7 76
7 78
7 77
7 76
7 76
7 74
7 74
7 74
7 76
7 76
7 76
7 78
7 79
7 79
7 81
7 82
7 82
7 80
7 79
7 79
7 76
7 76
7 77
7 76
7 77
7 77
7 76
7 75
7 73
7 72
7 72
7 72
7 72
7 73
7 72
7 71
7 71
7 71
7 71
7 71
7 71
7 71
7 71
6 71
6 70
6 71
6 74
6 73
6 73
6 73
6 73
6 75
6 74
6 73
6 77
6 77
6 76
6 75
6 75
6 76
6 76
6 75
6 74
6 75
6 75
6 78
6 78
6 78
6 77
6 77
6 76
6 74
6 74
6 78
6 77
6 77
6 81
6 81
6 84
6 83
6 82
6 83
6 85
5 85
5 86
5 86
5 84
5 83
5 87
5 87
5 91
5 91
5 91
5 90
5 89
5 90
5 93
5 93
5 93
5 93
5 93
5 95
5 98
5 100
5 101
5 102
5 102
5 103
5 106
5 106
5 107
5 107
5 107
5 107
5 108
5 108
5 109
5 109
5 109
5 109
5 108
5 106
5 105
5 105
5 105
5 106
5 105
5 107
5 107
5 107
5 105
5 105
5 107
5 108
5 108
5 110
5 110
5 110
5 109
5 109
5 109
5 108
5 108
5 108
5 110
5 111
5 111
5 111
5 110
5 112
5 113
5 113
5 113
5 116
5 116
5 115
5 116
5 115
5 116
5 114
5 117
5 116
5 119
5 119
5 120
5 118
5 121
5 126
5 125
5 125
5 123
5 122
5 122
5 122
5 125
5 122
5 120
5 120
5 121
5 122
5 120
5 120
5 119
5 120
5 120
5 122
5 125
5 125
5 126
5 125
5 127
5 126
5 125
5 125
5 126
5 125
5 129
5 130
5 131
5 134
5 138
5 137
5 136
5 143
5 143
5 146
5 147
5 148
5 148
5 148
5 147
5 147
5 147
5 146
5 146
5 148
5 147
5 147
5 148
5 146
5 147
5 145
5 144
5 146
5 145
5 144
5 141
5 140
5 140
5 143
5 143
5 142
5 144
5 148
5 149
5 149
5 149
5 148
5 149
5 149
5 149
5 148
5 153
5 155
5 155
5 156
5 155
5 155
5 156
5 155
5 154
5 153
5 152
5 154
5 153
5 154
5 154
5 152
5 154
5 152
5 149
5 147
5 146
5 145
5 147
5 147
5 146
5 144
5 144
5 144
5 140
5 139
5 137
5 138
5 140
5 140
5 140
5 139
5 136
5 134
5 136
5 136
5 138
5 138
5 137
5 140
5 139
5 137
5 135
5 134
5 136
5 136
5 136
5 136
5 136
5 135
5 134
5 135
5 137
5 141
5 140
5 147
5 146
5 145
5 147
5 147
5 148
5 147
5 147
5 149
5 154
5 153
5 156
5 156
5 155
5 157
5 164
5 168
5 171
5 171
5 171
5 171
5 175
5 177
5 177
5 177
5 178
5 176
5 175
5 173
5 174
5 177
5 176
5 175
5 177
5 176
5 178
5 177
5 180
5 178
5 178
5 181
5 180
5 179
5 184
5 184
5 184
5 184
5 186
5 186
5 188
5 189
5 188
5 187
5 187
5 186
5 186
5 184
5 183
5 186
5 188
5 188
5 186
5 189
5 191
5 194
5 193
5 195
5 197
5 199
5 202
5 201
5 199
5 197
5 194
5 194
5 192
5 193
5 194
5 193
5 193
5 193
5 197
5 193
5 196
5 196
5 197
5 197
5 197
5 196
5 202
5 207
5 206
5 208
5 206
5 206
5 206
5 208
5 206
5 209
5 211
5 211
5 212
5 213
5 215
5 215
5 215
5 213
5 212
5 219
5 220
5 221
5 221
5 220
5 223
5 220
5 218
5 220
5 216
5 217
5 217
5 217
5 218
5 220
5 217
5 217
5 222
5 224
5 224
5 228
5 227
5 227
5 227
5 227
5 227
5 231
5 231
5 230
5 230
5 228
5 228
5 228
5 227
5 225
5 225
5 224
5 225
5 224
5 228
5 230
5 230
5 233
5 233
5 232
5 232
5 232
5 232
5 234
5 233
5 239
5 238
5 238
5 238
5 237
5 234
5 230
5 228
5 232
5 234
5 233
5 233
5 234
5 235
5 233
5 230
5 234
5 230
5 234
5 231
5 230
5 226
5 222
5 220
5 219
5 214
5 211
5 213
5 208
5 211
5 209
5 212
5 216
5 219
5 218
5 219
5 222
5 224
5 223
5 222
5 226
5 228
5 229
5 228
5 227
5 227
5 230
5 232
5 234
5 232
5 238
5 238
5 239
5 243
5 250
5 253
5 251
5 251
5 250
5 252
5 253
5 254
5 253
5 251
5 250
5 253
5 253
5 253
5 257
5 255
5 256
5 257
5 258
5 259
5 259
5 267
5 267
5 271
5 270
5 269
5 276
5 275
5 272
5 274
5 273
5 276
5 275
5 275
5 273
5 273
5 277
5 279
5 282
5 282
5 280
5 284
5 284
5 283
5 284
5 282
5 280
5 279
5 283
5 285
5 289
5 288
5 291
5 291
5 289
5 290
5 291
5 294
5 292
5 291
5 288
5 288
5 292
5 290
5 286
5 282
5 287
5 286
5 284
5 285
5 288
5 289
5 288
5 292
5 294
5 292
5 293
5 292
5 290
5 288
5 295
5 293
5 298
5 297
5 298
5 296
5 295
5 297
5 300
5 308
5 314
5 314
5 319
5 319
5 321
5 321
5 322
5 322
5 318
5 316
5 315
5 315
5 311
5 312
5 312
5 313
5 310
5 308
5 315
5 313
5 313
5 314
5 326
5 330
5 331
5 338
5 334
5 334
5 334
5 332
5 331
5 330
5 330
5 330
5 330
5 328
5 325
5 330
5 329
5 326
5 324
5 324
5 323
5 322
5 324
5 325
5 327
5 328
5 327
5 328
5 326
5 331
5 331
5 326
5 331
5 328
5 326
5 324
5 323
5 320
5 320
5 318
5 318
5 318
5 318
5 320
5 322
5 321
5 319
5 326
5 327
5 327
5 330
5 329
5 328
5 331
5 331
5 327
5 325
5 321
5 318
5 322
5 320
5 321
5 320
5 320
5 319
5 321
5 324
5 321
5 326
5 329
5 331
5 330
5 332
5 336
5 336
5 335
5 334
5 344
5 344
5 343
5 341
5 337
5 336
5 331
5 331
5 338
5 339
5 337
5 335
5 336
5 336
5 335
5 337
5 338
5 336
5 336
5 338
5 337
5 333
5 334
5 336
5 338
5 339
5 340
5 350
5 346
5 346
5 349
5 350
5 347
5 349
5 347
5 346
5 348
5 347
5 346
5 351
5 356
5 356
5 354
5 355
5 358
5 354
5 356
5 357
5 358
5 358
5 362
5 360
5 363
5 363
5 363
5 367
5 371
5 369
5 373
5 376
5 380
5 383
5 381
5 384
5 387
5 389
5 388
5 386
5 386
5 383
5 381
5 379
5 382
5 386
5 387
5 393
5 395
5 397
5 396
5 394
5 392
5 390
5 388
5 385
5 393
5 399
5 400
5 402
5 403
5 403
5 402
5 396
5 400
5 396
5 392
6 388
6 384
6 383
6 390
6 386
6 386
6 390
6 397
6 397
6 394
6 395
6 391
6 387
6 389
6 392
6 389
6 391
6 387
6 397
6 393
6 389
6 385
6 383
6 385
6 384
6 390
6 389
6 396
6 401
6 400
6 398
6 398
6 397
6 398
6 397
6 393
6 389
6 386
6 382
6 383
6 381
6 380
6 377
6 374
6 370
6 369
6 371
6 372
6 370
6 372
6 370
6 368
6 374
6 374
6 374
6 380
6 378
6 376
6 374
6 372
6 371
6 370
6 372
6 376
6 379
6 383
6 385
6 386
6 385
6 382
6 380
6 381
6 380
6 388
6 391
6 388
6 388
6 385
6 384
6 384
6 380
6 377
6 373
6 374
6 371
6 371
6 371
6 371
6 368
6 367
6 366
6 362
6 360
6 362
6 367
6 368
6 368
6 369
6 367
6 371
6 376
6 377
7 380
7 381
7 378
7 383
7 384
7 386
7 392
7 390
7 390
7 395
7 402
7 407
7 407
7 410
7 415
7 416
7 421
7 425
7 423
7 421
7 418
7 414
7 413
7 416
7 421
7 419
7 416
7 417
7 415
7 413
7 416
7 417
7 425
7 425
7 426
7 431
7 430
7 431
7 431
7 436
7 443
7 441
7 442
7 443
7 446
7 444
7 442
7 448
7 445
7 452
7 450
7 445
7 444
7 442
7 448
7 451
7 454
7 457
7 453
7 453
7 457
7 454
7 453
7 453
7 452
7 453
7 451
7 450
7 454
7 451
7 450
7 453
7 449
7 450
7 446
7 442
7 442
7 451
7 458
7 456
7 451
7 453
7 456
7 459
7 460
7 463
7 463
7 466
7 473
7 472
7 474
7 476
7 473
7 469
7 468
7 474
8 469
8 467
9 470
9 473
9 469
9 470
9 470
9 466
9 464
9 462
9 465
9 468
9 475
9 472
9 474
9 471
9 471
9 465
9 463
10 465
10 462
10 456
10 456
10 455
10 452
10 448
10 450
10 451
10 453
10 447
10 447
10 442
10 439
10 441
10 433
10 426
10 418
10 418
10 414
10 414
10 407
10 408
10 412
10 419
10 422
10 418
10 414
10 410
10 416
10 423
10 427
10 422
10 421
10 425
10 426
10 433
10 432
10 434
10 432
10 439
10 439
10 448
10 448
10 450
10 452
10 445
10 442
10 437
10 433
11 427
11 423
11 419
11 411
11 412
11 407
11 407
11 401
11 405
11 405
11 411
11 410
11 405
11 407
11 401
11 401
11 396
11 396
11 405
11 410
11 407
11 401
11 392
11 388
11 386
11 385
11 382
11 384
11 380
11 380
11 380
11 374
11 372
11 367
11 373
11 378
11 382
11 378
11 380
11 376
11 375
11 382
11 387
11 386
11 388
11 391
11 387
11 387
11 386
11 384
11 382
11 378
11 377
11 374
11 370
11 372
11 376
11 384
11 378
11 377
11 379
11 376
11 372
11 367
11 365
11 364
11 365
11 367
11 367
11 368
11 365
11 364
11 361
11 361
11 360
11 362
11 369
11 372
11 374
11 378
11 383
11 386
11 386
11 386
11 384
11 382
11 381
11 382
11 381
11 376
11 377
11 379
11 386
11 386
11 384
11 380
11 380
11 373
11 371
11 369
11 368
11 364
11 366
11 362
11 359
11 357
11 356
11 359
11 363
11 364
11 370
11 373
11 374
11 377
11 373
11 369
11 366
11 367
11 366
11 364
11 370
11 369
11 370
11 371
11 371
11 379
11 379
11 384
11 383
11 385
11 387
11 393
11 390
11 397
11 402
11 400
11 398
11 398
11 398
11 394
11 401
11 410
11 407
11 407
11 407
11 404
11 398
11 408
11 402
11 405
11 408
11 407
11 413
11 412
11 413
11 418
11 410
11 404
11 404
11 403
11 405
11 406
11 407
12 412
12 412
12 412
12 415
12 418
12 420
12 420
12 414
13 414
13 410
13 407
13 415
13 415
13 416
13 415
13 418
13 422
13 420
13 420
13 423
13 424
13 422
13 426
13 421
13 417
13 413
13 408
13 407
13 405
13 412
13 408
13 406
13 401
13 398
13 402
13 396
13 390
13 390
13 396
13 398
13 399
13 397
13 396
13 393
13 388
13 387
14 384
14 382
14 380
14 384
14 383
14 379
14 382
14 376
14 375
14 378
14 379
14 378
14 377
14 373
14 377
14 378
14 383
14 383
14 383
14 384
14 386
14 382
14 380
14 382
14 385
14 390
14 392
14 392
14 395
14 393
14 392
14 390
14 394
14 392
14 389
14 388
14 382
14 372
14 380
14 384
14 383
14 385
14 382
14 390
14 395
14 401
14 401
14 399
14 400
14 401
14 408
14 402
14 402
14 400
14 398
14 395
14 394
14 391
14 387
14 389
14 387
14 384
14 382
14 387
14 384
14 384
14 388
14 387
14 389
14 391
14 392
14 386
14 386
14 385
14 383
14 392
14 391
14 388
14 386
14 381
14 381
14 378
14 378
14 377
14 373
14 372
14 381
14 382
14 377
14 377
14 370
14 367
14 362
14 363
14 359
14 355
14 353
14 351
14 349
14 350
14 349
14 351
14 350
14 351
14 343
14 344
14 340
14 344
14 344
14 349
14 354
14 355
14 358
14 359
14 357
14 355
14 351
14 348
14 347
14 346
14 343
14 347
14 346
14 350
14 352
14 355
14 358
14 364
14 362
14 361
14 360
14 364
14 363
14 361
14 367
14 381
14 386
14 386
14 384
14 383
14 388
14 387
14 385
14 386
14 385
14 379
14 380
14 382
14 389
14 386
14 389
14 387
14 385
14 388
14 390
14 392
14 395
14 396
14 400
14 401
14 401
14 414
14 411
15 412
15 410
15 410
15 414
15 413
15 416
15 420
15 418
15 420
15 423
15 424
15 424
15 427
15 427
15 420
15 424
15 423
15 425
15 434
15 433
15 432
15 429
15 428
15 430
15 432
15 431
15 430
15 426
15 425
15 424
15 424
15 428
15 425
15 423
15 425
15 424
15 425
15 439
15 436
15 436
15 437
15 433
15 432
15 434
15 432
15 433
15 438
15 432
15 428
15 425
15 425
15 422
15 420
15 415
15 417
15 411
15 416
15 419
15 411
15 412
15 407
15 409
15 405
15 400
15 401
15 401
15 409
15 417
15 421
15 418
15 414
15 415
15 411
15 416
15 422
15 417
15 414
15 414
15 420
15 417
15 413
15 414
15 414
15 414
15 416
15 416
16 418
16 421
16 419
16 422
16 432
16 440
16 443
16 442
16 440
16 438
16 440
16 440
16 437
16 437
16 432
16 431
17 427
17 429
17 437
17 440
17 439
17 436
17 430
17 431
17 430
17 429
17 427
17 425
17 422
17 419
17 421
17 420
17 418
17 413
17 410
17 403
17 400
17 404
17 402
17 398
17 401
17 404
17 410
17 405
17 407
17 405
17 405
17 405
17 403
17 403
17 408
17 406
17 409
17 410
17 401
17 398
17 392
17 390
17 391
17 393
17 389
17 395
17 395
17 392
17 393
17 394
17 393
17 394
17 396
17 397
17 394
17 391
17 389
17 389
17 387
17 383
17 381
17 391
17 392
17 394
17 397
17 400
17 401
17 404
17 400
17 405
17 403
17 398
17 400
17 402
17 406
17 402
17 406
17 400
17 403
18 403
18 406
18 407
18 409
18 408
18 408
18 405
18 408
18 406
18 401
18 398
18 395
18 403
18 402
18 397
18 396
18 399
18 399
18 405
18 413
18 409
18 416
18 414
18 414
19 414
19 417
19 420
19 420
19 422
19 418
19 417
19 420
19 425
19 423
19 439
19 447
19 459
19 464
19 462
19 473
19 474
19 465
19 459
19 452
19 448
19 446
19 449
19 458
19 456
19 458
19 454
19 456
19 455
19 466
19 468
19 466
19 465
19 459
19 463
19 458
19 452
19 450
19 451
20 452
20 460
20 452
20 444
20 440
20 435
20 430
20 429
20 426
20 417
20 413
20 406
20 402
20 401
20 401
20 400
20 393
20 395
20 388
20 394
20 394
20 392
20 390
20 389
20 386
20 390
20 392
20 391
20 386
20 386
20 386
20 383
20 386
20 386
20 382
20 377
20 375
20 375
20 376
20 376
20 378
21 376
21 373
21 371
21 366
21 358
22 352
22 350
22 348
22 343
22 337
22 334
22 337
22 336
22 332
22 331
22 329
22 328
22 326
22 320
22 324
22 318
22 321
22 322
23 318
23 319
23 318
23 323
23 319
23 313
23 314
23 307
23 305
23 305
23 301
23 298
23 300
23 302
23 303
23 300
23 302
23 300
23 303
23 306
23 304
23 294
23 297
23 297
23 298
23 294
23 293
23 297
23 298
23 296
23 297
23 298
23 297
23 303
23 303
23 301
23 299
23 297
24 292
24 295
24 294
24 304
24 306
24 312
24 312
24 303
24 301
24 297
24 292
24 293
24 294
24 299
24 297
24 301
24 296
24 295
24 295
24 299
24 298
24 297
24 297
24 298
24 296
24 300
24 299
24 299
24 298
24 298
24 294
24 292
24 286
24 285
24 279
24 274
24 273
24 270
24 268
24 266
24 263
24 262
24 266
24 265
24 262
24 260
24 269
24 268
24 267
24 261
24 260
24 261
24 267
24 269
24 270
24 271
24 273
24 269
24 266
24 264
24 262
24 265
24 270
24 272
24 273
24 276
24 281
24 285
24 289
24 289
24 294
24 292
24 290
24 290
24 290
24 293
24 291
24 297
24 291
24 296
24 300
24 299
24 297
24 297
24 302
24 299
24 301
24 295
24 294
24 294
24 295
24 293
24 299
24 297
24 300
24 304
24 303
24 298
24 295
24 298
24 296
24 290
24 293
24 298
24 297
24 297
24 305
24 304
24 311
24 310
24 311
24 311
24 314
24 317
24 321
24 321
24 319
24 323
24 324
24 327
24 325
24 335
24 344
24 351
24 351
24 356
24 351
24 347
24 344
24 340
24 338
24 338
24 332
24 329
24 326
24 328
24 326
24 321
24 318
24 315
24 318
24 321
24 318
24 317
24 316
24 312
24 309
24 308
24 312
24 315
24 314
24 309
24 310
24 310
24 310
24 311
24 315
24 316
24 312
24 310
24 314
24 312
24 306
24 304
24 301
24 297
24 296
24 294
24 291
24 289
24 286
24 282
24 279
24 280
24 284
24 282
24 280
24 282
24 281
24 283
24 280
24 280
24 278
24 271
24 273
24 277
24 280
24 281
24 274
24 268
24 272
24 268
24 271
24 265
24 270
24 273
24 276
24 275
24 273
24 270
24 270
24 265
24 265
24 269
24 271
24 268
24 264
24 260
24 264
25 264
25 262
25 261
25 261
25 254
25 252
25 244
25 242
25 239
25 235
25 236
25 243
25 250
25 253
25 254
25 260
25 263
25 264
25 264
25 268
25 266
25 261
25 256
25 250
25 254
25 251
25 250
25 245
25 243
25 251
25 255
25 260
25 262
25 261
25 258
25 256
25 250
25 248
25 245
25 245
25 247
25 250
25 249
25 245
25 239
25 235
25 237
25 232
25 227
25 225
25 220
25 220
25 227
25 227
25 236
25 235
25 230
25 225
25 220
25 220
25 226
25 229
25 229
25 229
25 228
25 230
25 230
25 235
25 234
25 234
25 230
25 227
25 229
25 228
25 226
25 228
25 227
25 231
25 232
25 230
25 226
25 229
25 232
25 226
25 225
25 225
25 219
25 220
25 217
25 216
25 221
25 222
25 223
25 223
25 226
25 225
25 219
25 215
25 215
25 212
25 214
25 213
25 210
25 215
25 215
25 217
25 218
25 214
25 217
25 222
25 224
25 222
25 224
25 222
25 224
25 227
25 229
25 229
25 223
25 220
25 218
25 220
25 222
25 227
25 227
25 227
25 230
25 238
25 240
25 238
25 236
25 235
25 233
25 231
25 227
25 228
25 227
25 230
25 233
25 238
25 238
25 235
25 236
25 232
25 234
25 234
25 231
25 230
25 230
25 227
25 228
25 226
25 228
25 225
25 224
25 224
25 228
25 228
25 224
25 224
25 225
25 219
25 216
25 212
25 212
25 211
25 213
25 210
25 210
25 203
25 198
25 203
25 198
25 201
25 197
25 195
25 191
25 193
25 195
25 189
25 187
25 189
25 188
25 187
25 183
25 187
25 184
25 187
25 186
25 182
25 184
25 182
25 181
25 181
25 177
25 174
25 175
25 175
25 173
25 173
25 175
25 181
25 178
25 176
25 175
25 177
25 176
25 175
25 174
25 178
25 180
25 180
25 184
25 187
25 184
25 189
25 189
25 188
25 188
25 189
25 193
25 190
25 192
25 192
25 192
25 192
25 192
25 192
25 193
25 193
25 203
25 201
25 200
25 198
25 203
25 205
25 205
25 201
25 196
25 197
25 196
25 197
25 196
25 195
25 193
25 190
25 188
25 188
25 189
25 188
25 189
25 185
25 187
25 191
25 192
25 193
25 195
25 194
25 191
25 198
25 200
25 198
25 197
25 197
25 194
24 198
24 206
24 205
24 206
24 206
24 203
24 202
24 204
24 207
24 206
24 204
24 206
24 211
24 210
24 210
24 213
24 211
24 207
24 201
24 200
24 197
24 196
24 192
24 195
24 201
24 204
24 203
24 205
24 202
24 205
24 208
24 213
24 216
24 211
24 212
24 209
24 212
24 207
24 207
24 205
24 201
24 207
24 208
24 210
24 212
24 209
24 214
24 214
24 215
24 216
24 217
24 212
24 215
24 217
24 214
24 212
24 209
24 204
24 212
24 210
24 212
24 208
24 209
24 206
24 209
24 209
24 205
24 215
24 217
24 219
24 217
24 219
24 225
24 227
24 225
24 224
24 224
24 221
24 218
24 219
24 219
24 215
24 219
24 220
24 222
24 224
24 222
24 222
24 222
24 222
24 218
24 217
24 224
24 235
24 239
24 236
24 234
24 235
25 235
25 232
25 230
25 232
25 235
25 236
25 234
25 241
25 242
25 242
25 242
25 241
25 238
25 232
25 234
25 233
25 226
25 224
25 218
25 214
25 220
25 223
25 225
25 224
25 226
25 224
25 223
25 227
25 226
25 226
25 232
25 232
25 233
25 229
25 231
25 226
25 226
25 224
25 221
25 220
25 218
25 219
25 213
25 209
25 205
25 203
25 208
25 207
25 204
26 203
26 199
26 198
26 194
26 196
26 203
26 204
26 206
26 211
26 209
26 207
26 202
26 203
26 201
26 197
26 198
26 195
26 202
26 200
26 197
26 197
26 196
26 197
26 193
26 189
26 187
26 190
26 194
26 192
26 189
26 185
26 184
26 182
26 181
26 182
26 183
26 181
26 180
26 175
26 172
26 179
26 181
26 176
26 172
26 170
26 171
26 169
26 167
26 165
26 164
26 160
26 157
26 155
26 162
26 158
26 161
26 159
26 158
26 160
26 160
26 157
26 150
26 146
26 146
26 145
26 146
26 145
26 147
26 146
26 143
26 146
26 144
26 147
26 149
26 150
26 151
26 152
26 148
26 145
26 144
26 146
26 145
26 142
26 141
26 141
26 138
26 136
26 137
26 137
26 135
26 132
26 130
26 136
26 138
26 136
26 134
26 139
26 139
26 143
26 142
26 145
26 149
26 147
26 145
26 143
26 142
26 145
26 147
26 145
26 144
26 145
26 141
26 147
26 149
26 152
26 154
26 151
26 147
26 144
26 147
26 148
26 146
26 147
26 147
26 144
26 144
26 145
26 141
26 142
26 144
26 148
26 146
26 144
26 143
26 141
26 139
26 141
26 140
25 145
25 149
25 149
25 154
25 153
25 150
25 149
25 149
25 150
25 149
25 150
25 152
25 153
25 152
25 156
25 153
25 162
25 160
25 158
25 158
25 158
25 155
25 151
25 151
25 149
25 148
25 143
25 141
25 138
25 137
25 137
25 136
25 134
25 134
25 133
25 129
25 124
25 123
25 120
25 116
25 111
25 109
25 109
25 111
25 109
25 108
25 110
25 109
25 106
25 99
25 97
25 93
25 91
25 90
25 95
25 94
25 96
25 96
25 95
25 93
25 90
25 89
25 97
25 98
25 98
25 97
25 97
25 102
25 102
25 101
25 105
25 114
25 112
25 112
25 109
25 112
25 111
25 109
25 108
25 106
25 108
25 110
25 113
25 112
25 109
25 104
25 106
25 107
25 108
25 109
25 111
25 112
25 109
25 105
25 104
25 100
25 99
25 97
25 104
25 103
25 104
25 105
25 105
25 105
25 103
25 102
25 104
25 106
25 106
25 106
25 106
25 105
25 104
25 112
25 115
25 115
25 114
25 113
25 111
25 110
25 110
25 109
25 108
25 106
25 108
25 110
25 109
25 106
25 104
25 102
25 101
25 101
25 99
25 98
25 96
25 94
25 92
25 92
25 91
25 90
25 89
25 89
25 93
25 93
25 97
25 97
25 99
25 98
25 97
25 96
25 95
25 95
25 95
25 92
25 93
25 99
25 97
25 94
25 93
25 94
25 93
25 95
25 97
25 96
25 94
25 99
25 97
25 102
25 104
25 104
25 106
25 107
25 105
25 104
25 103
25 105
25 105
25 109
25 109
25 108
25 107
25 106
25 108
25 108
25 107
25 113
25 115
25 115
25 115
25 111
25 114
25 114
25 115
25 116
25 120
25 120
25 122
25 122
25 122
25 122
25 122
25 121
25 126
25 125
25 124
25 127
25 125
25 124
25 122
25 121
25 121
25 122
25 124
25 125
25 124
25 127
25 127
25 125
25 124
25 123
25 122
25 124
25 127
25 126
25 126
25 127
25 127
25 128
25 126
25 127
25 127
25 126
25 125
25 125
25 124
25 126
25 130
25 128
25 125
25 121
25 118
25 115
25 116
25 115
25 114
25 113
25 115
25 114
25 114
25 115
25 114
25 116
25 117
25 116
25 119
25 115
25 114
25 111
25 109
25 107
25 105
25 105
25 108
25 110
25 108
25 112
25 111
25 114
25 108
25 105
25 107
25 106
25 107
25 107
25 108
25 111
25 113
25 115
25 116
25 116
25 116
25 114
25 114
25 113
25 112
25 113
25 113
25 113
25 114
25 111
25 112
25 115
25 116
25 117
25 118
25 114
25 111
